1000 1000
10 4
16 13
20 7
22 1
32 14
33 26
35 19
35 22
39 38
40 20
40 21
42 9
42 25
44 10
47 24
50 40
53 41
55 34
55 51
58 46
60 49
61 34
61 54
63 48
65 60
66 52
69 8
70 59
71 15
71 16
72 71
73 66
74 17
76 51
77 4
77 9
78 47
80 10
82 36
83 70
84 2
85 12
86 85
87 0
87 65
88 54
89 82
90 45
90 48
91 73
93 44
94 3
94 58
96 8
96 18
97 78
98 44
99 23
99 64
99 81
100 7
101 57
101 82
103 32
104 27
104 38
105 6
105 37
107 30
107 63
109 83
109 92
110 2
111 3
112 50
113 89
114 24
114 49
115 106
115 112
116 30
116 62
117 67
117 86
119 57
120 102
121 2
122 6
122 22
123 28
124 27
125 83
127 1
127 21
127 29
127 72
128 8
128 114
129 31
129 47
130 43
130 79
131 73
132 1
133 11
133 124
134 74
134 80
135 80
135 105
136 39
136 113
137 68
137 83
138 51
139 54
140 92
141 102
141 123
141 132
142 32
143 75
143 110
144 5
144 52
145 58
145 95
147 31
147 146
148 26
149 59
149 81
150 34
151 32
151 78
152 34
153 65
153 121
154 3
154 64
155 101
156 56
156 106
157 25
159 70
160 133
161 4
161 11
167 164
180 162
180 176
181 170
184 179
186 184
187 175
190 165
192 172
194 174
196 164
196 190
197 177
199 192
200 182
200 199
201 168
202 173
206 167
208 183
208 194
209 165
211 165
212 166
212 188
212 198
214 187
214 202
219 185
219 189
219 204
220 174
221 191
222 216
223 171
223 172
224 181
224 218
225 174
226 170
226 220
227 193
227 197
228 221
229 180
229 185
230 195
230 200
232 201
232 207
233 222
234 215
235 217
236 175
236 228
237 166
237 169
237 185
238 162
238 217
239 192
240 167
240 171
241 204
241 205
242 207
242 233
243 172
243 238
244 188
246 179
247 207
248 169
251 203
251 249
252 197
253 205
253 242
254 165
254 178
254 215
255 226
265 264
270 264
271 260
271 262
274 265
275 258
275 260
277 257
278 271
279 259
280 274
281 258
284 271
285 266
285 268
286 283
288 283
291 259
291 289
293 268
293 284
294 281
295 261
295 263
296 269
296 294
297 268
298 260
298 295
299 292
301 288
301 289
302 292
303 285
304 274
306 257
306 287
308 289
309 304
310 272
311 308
312 272
312 304
313 273
313 290
314 290
315 282
316 280
316 282
317 310
318 276
318 300
319 287
319 315
320 277
320 307
320 311
321 267
321 305
321 317
327 325
330 323
332 331
334 325
334 328
334 330
336 329
338 322
338 327
339 322
339 326
339 331
340 328
342 332
343 323
344 333
345 335
345 343
346 337
347 327
348 329
348 330
349 340
350 326
351 342
351 346
353 341
355 354
360 344
361 360
362 355
362 356
363 324
363 360
364 361
365 358
366 364
367 366
368 337
369 354
369 368
370 356
370 359
371 356
371 363
372 367
373 357
373 362
374 358
374 372
376 375
377 375
379 378
380 376
382 381
386 382
392 375
394 353
396 379
399 386
400 387
402 393
403 391
404 395
407 390
408 378
408 380
410 393
410 409
411 399
413 402
414 395
414 406
414 413
416 380
416 385
417 383
417 394
419 384
419 388
419 410
420 382
420 412
421 407
422 382
426 421
427 389
427 400
427 415
428 387
429 402
429 411
430 398
431 403
432 410
433 423
434 397
435 423
435 434
438 416
438 417
439 392
439 398
439 403
440 397
440 437
441 425
441 428
442 391
442 405
442 436
443 400
443 405
444 389
444 434
445 422
446 388
446 396
446 407
447 428
448 333
449 424
450 401
450 444
463 456
463 462
465 458
468 466
470 455
473 472
477 476
483 461
483 466
483 478
484 482
485 457
486 458
488 487
491 471
492 491
493 487
494 459
495 453
495 454
496 482
497 468
498 473
498 487
499 476
500 464
500 499
501 496
502 455
503 493
504 469
507 459
507 490
508 503
509 467
509 486
510 504
510 506
512 452
512 505
513 496
514 453
515 482
516 474
516 481
517 488
517 502
518 498
519 451
519 475
520 460
520 469
521 453
522 475
522 484
523 464
524 457
525 486
525 490
526 489
526 522
527 456
528 494
529 460
530 505
530 529
531 524
532 462
532 531
533 488
534 479
534 514
535 461
535 475
536 452
536 470
536 514
537 474
538 457
548 546
550 545
551 546
554 542
554 544
555 543
557 539
558 547
560 543
564 541
565 552
565 556
566 560
566 563
567 555
568 549
568 558
570 548
571 569
572 570
572 571
574 539
574 553
575 540
575 552
576 551
577 550
578 559
578 572
579 561
581 541
581 559
581 560
583 547
583 567
583 573
585 554
585 561
586 544
587 539
587 584
588 543
589 565
589 586
590 555
590 562
590 577
590 580
591 177
591 569
592 575
592 580
593 163
605 597
605 603
606 594
609 597
610 599
610 608
611 607
612 606
612 609
613 596
613 606
614 596
614 604
615 602
615 611
616 613
617 600
617 605
617 611
618 610
619 595
620 603
625 624
628 621
631 623
631 630
632 623
632 624
637 624
638 630
639 627
640 638
642 633
643 638
645 625
645 634
646 625
647 628
649 621
649 645
650 627
652 641
653 622
654 639
654 644
655 645
656 651
657 634
658 629
659 656
660 626
661 647
661 659
662 625
662 636
662 650
663 642
663 659
664 652
665 641
665 656
665 658
667 601
678 670
678 672
681 666
685 683
686 674
687 677
687 684
688 669
690 675
691 668
691 682
692 677
695 684
696 680
696 686
696 693
697 679
701 669
701 687
702 699
703 689
704 666
704 676
706 686
706 689
707 670
708 692
709 694
710 668
710 698
711 681
712 680
712 683
713 708
714 670
715 669
715 697
717 682
718 704
718 708
719 688
720 715
721 678
721 700
722 700
723 694
724 685
724 720
725 675
726 698
726 705
726 707
727 724
728 694
728 716
729 607
731 673
731 723
732 672
732 675
732 699
733 698
734 668
734 723
735 682
735 730
736 671
736 695
742 737
751 738
751 741
754 738
755 747
757 743
757 745
758 739
759 739
759 749
760 750
764 737
765 748
766 737
767 747
768 750
769 767
770 742
771 753
772 763
773 744
774 769
775 761
775 774
776 746
777 756
777 763
778 760
778 773
779 750
779 777
780 752
780 754
780 776
781 768
782 739
782 757
782 762
783 770
784 762
784 766
785 761
786 743
786 773
787 769
788 753
788 755
788 765
789 751
789 765
790 752
790 758
797 791
805 795
806 798
807 803
808 793
814 800
816 814
817 808
818 816
823 796
824 820
826 791
826 811
827 801
829 827
831 805
831 806
832 797
833 813
834 804
836 804
838 809
839 799
839 802
840 808
842 819
843 823
843 832
846 845
847 843
848 798
848 829
849 821
850 821
850 837
854 833
855 842
855 853
857 834
858 817
858 852
859 851
861 819
862 828
862 836
862 846
863 861
864 854
865 822
865 847
866 824
868 794
868 802
869 800
869 815
869 852
870 835
871 795
871 802
872 793
873 820
874 794
874 835
875 809
875 825
875 867
877 856
878 874
879 877
880 821
881 813
882 822
883 810
883 865
884 834
884 882
885 811
886 853
887 792
887 820
887 844
887 867
888 823
889 873
890 814
890 860
891 803
892 837
892 891
893 813
893 815
893 863
894 837
895 890
896 810
896 892
897 849
897 879
898 879
903 900
910 908
911 904
920 902
926 904
927 922
931 924
933 914
934 933
935 907
936 922
937 899
937 926
938 905
939 908
941 938
943 927
944 912
945 936
946 929
946 942
947 928
948 907
949 918
950 903
952 943
956 942
957 925
958 917
959 932
960 914
960 954
961 916
961 919
962 915
963 952
965 953
968 933
970 955
971 918
971 924
972 921
972 948
972 961
973 970
974 921
976 905
977 950
977 970
980 965
981 904
981 939
982 940
982 941
983 913
984 930
984 978
985 907
986 953
988 912
988 949
989 925
990 907
991 915
991 918
991 987
992 964
992 979
993 907
993 986
994 923
994 928
996 923
996 957
997 945
997 980
998 924
999 909
1000 928
1000 958
1001 941
1002 916
1003 923
1003 930
1004 935
1004 983
1005 909
1005 973
1006 899
1006 929
1006 984
1007 926
1007 999
1008 919
1008 964
1009 900
1010 999
1011 959
1012 990
1013 956
1013 976
1014 920
1014 943
1015 970
1016 931
1016 966
1017 944
1018 969
1018 995
1019 954
1019 966
1020 906
1020 1009
1021 947
1021 991
1023 969
1025 947
1025 983
1028 899
1029 959
1033 1030
1039 1033
1039 1036
1040 1037
1041 1035
1042 1030
1042 1041
1043 1031
1046 1045
1047 1043
1048 1042
1048 1045
1049 1037
1050 1032
1051 771
1051 1037
1052 1031
1055 1030
1055 1034
1056 1053
1057 1038
1057 1053
1057 1055
1064 1059
1065 1062
1065 1063
1067 1060
1072 1066
1073 1061
1073 1071
1074 1061
1075 1058
1080 1067
1081 1064
1082 1058
1085 1069
1086 1066
1088 1079
1091 1060
1093 1081
1093 1083
1094 1082
1094 1090
1095 1086
1096 1083
1096 1089
1097 1070
1098 1076
1101 1078
1102 1069
1102 1074
1103 1063
1104 1087
1105 1100
1106 1084
1106 1096
1107 1079
1107 1087
1109 1066
1110 1079
1111 1090
1112 1066
1112 1070
1113 1080
1114 1071
1114 1092
1114 1105
1115 1082
1115 1099
1116 1108
1117 1110
1118 1077
1118 1112
1119 1072
1119 1091
1121 1089
1121 1104
1122 1062
1122 1087
1122 1099
1123 1104
1124 1059
1125 1088
1126 1058
1126 1080
1126 1105
1151 1135
1152 1130
1152 1142
1153 1129
1153 1137
1155 1153
1156 1130
1157 1129
1157 1140
1159 1150
1160 1116
1161 1133
1162 1140
1163 1146
1163 1156
1164 1162
1166 1165
1167 1152
1169 1137
1170 1149
1176 1145
1176 1168
1180 1165
1181 1127
1181 1158
1182 1138
1182 1141
1183 1136
1185 1135
1186 1156
1187 1155
1188 1076
1189 1139
1189 1165
1190 1059
1190 1120
1191 1142
1192 1164
1195 1076
1195 1095
1196 1146
1196 1174
1198 1133
1200 1136
1201 1178
1202 1194
1204 1201
1205 1135
1207 1145
1208 1191
1210 1145
1211 1131
1211 1178
1212 1095
1213 1142
1215 1136
1217 1193
1217 1208
1218 1130
1219 1068
1221 1141
1221 1172
1222 1194
1222 1195
1222 1213
1223 1124
1224 1177
1225 1175
1226 1128
1227 1150
1228 1226
1229 1187
1230 1170
1230 1214
1231 1180
1231 1227
1232 1132
1232 1226
1233 1197
1234 1150
1234 1173
1235 1128
1235 1220
1238 1148
1239 1160
1240 1209
1241 1144
1241 1201
1242 1157
1242 1207
1243 1202
1244 1187
1244 1224
1245 1186
1246 1127
1246 1240
1247 1216
1248 1148
1248 1175
1249 1144
1249 1161
1249 1200
1250 1142
1250 1216
1251 1136
1251 1238
1252 1138
1252 1185
1253 1248
1254 1169
1254 1197
1254 1237
1255 1198
1256 1162
1256 1209
1257 1174
1258 1148
1259 1143
1259 1200
1259 1234
1260 1170
1261 1176
1262 1132
1262 1171
1262 1175
1263 1168
1263 1184
1263 1247
1264 1172
1264 1179
1265 1134
1265 1239
1266 1249
1266 1260
1267 1230
1268 1184
1268 1235
1275 1274
1278 1269
1278 1276
1279 1277
1281 1273
1283 1274
1285 1278
1287 1285
1288 1279
1288 1280
1290 300
1290 1286
1293 1270
1295 1286
1296 1273
1296 1287
1297 1272
1297 1275
1299 1275
1304 1298
1305 1278
1305 1280
1307 1271
1307 1291
1308 1292
1308 1294
1309 1284
1309 1286
1311 1271
1311 1300
1312 1294
1312 1310
1313 1284
1314 1288
1314 1291
1314 1301
1315 1277
1317 1283
1318 1281
1318 1282
1319 1310
1320 1274
1320 1276
1320 1302
1321 1269
1321 1303
1323 1303
1324 1289
1324 1322
1325 276
1325 1270
1326 1032
1326 1044
1326 1052
1327 1031
1332 1047
1333 1330
1338 1329
1338 1334
1340 1332
1342 1328
1342 1334
1343 1330
1346 1337
1346 1338
1347 1335
1348 1342
1348 1344
1350 1335
1351 1328
1352 1341
1354 1340
1355 1353
1356 1335
1357 1345
1358 1352
1359 1339
1359 1351
1360 1331
1360 1353
1361 1341
1361 1343
1362 1344
1362 1349
1363 1333
1363 1337
1364 1331
1364 1356
1365 1336
1366 1329
1366 1356
1368 1345
1369 1355
1369 1367
1369 1368
1370 1345
1371 1346
1372 1360
1378 1373
1381 1374
1385 1377
1387 1380
1388 1375
1393 1383
1397 1382
1398 629
1399 1384
1400 1380
1400 1386
1401 1384
1402 1377
1402 1382
1403 1376
1404 1375
1404 1390
1406 1397
1407 1404
1408 1393
1409 1379
1409 1393
1411 1392
1411 1395
1412 1410
1413 1390
1413 1396
1413 1405
1414 1375
1415 1410
1416 1397
1417 1394
1417 1406
1422 1381
1422 1417
1423 1421
1425 1414
1426 1376
1426 1412
1427 1386
1427 1396
1428 1400
1429 1389
1429 1391
1429 1405
1431 1411
1432 1376
1432 1424
1433 1394
1433 1419
1433 1424
1434 1419
1435 1376
1436 1373
1437 1373
1437 1423
1438 1423
1439 1403
1439 1425
1440 1376
1440 1392
1441 1411
1453 1444
1471 1467
1472 1466
1474 1455
1474 1456
1476 1444
1481 1478
1482 1449
1485 1466
1486 1454
1487 1461
1488 1445
1491 1484
1494 1466
1496 1458
1496 1475
1497 1465
1503 1481
1504 1450
1504 1493
1505 1461
1510 1498
1511 1447
1511 1501
1513 1502
1514 1471
1516 1499
1516 1508
1520 1511
1520 1519
1521 1515
1522 1498
1523 1486
1525 1471
1526 1477
1526 1519
1527 1475
1529 1464
1531 1469
1531 1512
1532 1469
1533 1482
1536 1465
1536 1521
1537 1477
1537 1515
1538 1451
1538 1499
1539 1444
1539 1506
1540 1499
1542 1521
1544 1488
1545 1445
1545 1448
1545 1459
1546 1459
1548 1450
1548 1470
1549 1525
1550 1457
1550 1523
1551 1470
1552 1547
1553 1492
1553 1541
1554 1470
1555 1480
1556 1459
1556 1493
1557 1538
1557 1543
1558 1498
1558 1541
1559 1505
1561 1481
1561 1502
1562 1467
1562 1518
1563 1462
1564 1483
1565 1550
1566 1500
1566 1509
1567 1534
1568 1456
1568 1532
1569 1499
1570 1524
1570 1567
1571 1484
1571 1517
1571 1525
1572 1554
1572 1559
1573 1527
1574 1514
1575 1453
1575 1457
1576 1513
1577 1543
1578 1543
1579 1487
1580 1465
1580 1473
1581 1448
1582 1536
1584 1500
1584 1569
1587 1510
1588 1527
1589 1444
1589 1492
1590 1478
1590 1579
1591 1527
1591 1555
1592 1547
1592 1589
1593 1539
1594 1506
1595 1535
1595 1569
1596 1476
1597 1464
1598 1520
1598 1524
1599 1472
1599 1487
1599 1523
1600 1470
1601 1496
1602 1473
1602 1529
1602 1594
1603 1463
1603 1501
1603 1562
1604 1500
1604 1513
1605 1590
1606 1547
1606 1555
1607 1452
1607 1495
1608 1570
1610 1452
1610 1576
1611 1583
1611 1608
1616 262
1616 1613
1618 1612
1619 1618
1620 1614
1620 1617
1623 1616
1623 1622
1624 1622
1625 1621
1626 1612
1627 1614
1628 1612
1628 1615
1628 1627
1629 1619
1629 1621
1631 1625
1632 1629
1641 1639
1645 1078
1652 1644
1653 1641
1654 1643
1656 1635
1656 1651
1661 1658
1662 1661
1663 1643
1664 1638
1664 1653
1665 1654
1666 1655
1667 1636
1668 1643
1668 1667
1669 1633
1671 1648
1672 1642
1673 1657
1674 1639
1674 1652
1677 1672
1678 1658
1678 1660
1679 1634
1679 1637
1680 1633
1681 1657
1682 1677
1683 1673
1684 1670
1685 1633
1686 1649
1686 1670
1687 1675
1687 1684
1688 1666
1688 1680
1689 1667
1690 1650
1692 1647
1693 1689
1694 1657
1695 1659
1695 1691
1696 1642
1697 1125
1698 1646
1698 1671
1699 1640
1699 1647
1700 1682
1701 1650
1701 1679
1702 1675
1703 1682
1705 1147
1705 1645
1707 1634
1707 1648
1707 1653
1708 1647
1708 1701
1709 1703
1710 1681
1711 1644
1712 1669
1712 1690
1713 1635
1713 1642
1713 1676
1714 1336
1715 1711
1716 1372
1716 1649
1717 1641
1717 1675
1723 1722
1726 1723
1729 1720
1736 1731
1737 1728
1746 1741
1747 1722
1749 1731
1751 1750
1752 1726
1752 1748
1757 1738
1757 1753
1759 1744
1759 1751
1760 1744
1761 1743
1762 1756
1763 1730
1763 1732
1764 1763
1766 1727
1767 1758
1768 1733
1768 1745
1769 1755
1771 1719
1771 1744
1772 1760
1773 1755
1774 1768
1775 1749
1775 1761
1776 1719
1776 1725
1777 1720
1777 1734
1778 1729
1779 1721
1779 1739
1780 1719
1780 1737
1780 1766
1781 1747
1781 1770
1782 1722
1782 1724
1783 1748
1783 1758
1784 1753
1784 1766
1785 1722
1786 1718
1786 1732
1787 1781
1789 1718
1789 1741
1790 1724
1790 1730
1791 1754
1792 1725
1793 1741
1794 1739
1795 1731
1795 1757
1795 1765
1797 1762
1799 1792
1800 1798
1801 1743
1802 1769
1802 1789
1803 1735
1803 1746
1803 1801
1804 1721
1804 1791
1804 1797
1805 1734
1805 1767
1806 1772
1806 1796
1807 1797
1807 1800
1808 1733
1808 1739
1808 1769
1818 471
1818 538
1819 511
1821 506
1821 528
1822 485
1825 1820
1831 1825
1835 1833
1837 491
1839 1831
1840 1810
1842 1813
1842 1838
1844 1815
1844 1830
1846 1840
1848 1824
1850 1817
1852 504
1852 1832
1853 1849
1854 1811
1854 1836
1855 1850
1856 1819
1857 1839
1857 1847
1857 1852
1861 1818
1862 485
1863 1827
1863 1828
1867 494
1867 1827
1868 1841
1869 531
1869 1850
1870 1868
1871 1840
1872 1842
1872 1866
1873 1810
1874 1824
1874 1861
1875 1853
1875 1863
1876 1817
1876 1843
1876 1849
1877 1856
1879 1859
1880 1851
1880 1860
1882 1823
1883 1854
1883 1865
1884 1858
1884 1864
1885 1870
1886 480
1886 1885
1887 511
1887 1851
1888 1823
1888 1853
1889 1871
1890 516
1890 1870
1891 1813
1891 1816
1892 1814
1892 1837
1892 1864
1893 1812
1894 1825
1895 1847
1896 1829
1896 1834
1897 1843
1897 1866
1897 1881
1898 1886
1898 1894
1899 1826
1899 1882
1900 451
1900 1887
1901 1816
1901 1865
1905 1902
1910 1902
1912 1904
1921 1916
1923 1912
1924 1916
1926 1914
1927 1906
1930 1915
1932 1909
1934 1931
1937 1928
1940 1933
1941 1908
1942 1029
1944 1939
1945 1913
1945 1925
1949 1939
1950 1920
1950 1927
1951 1910
1952 1922
1952 1947
1954 1907
1955 1939
1955 1943
1956 1908
1959 1922
1960 1913
1963 1962
1964 1952
1965 1913
1967 1947
1967 1962
1968 1963
1970 1940
1970 1957
1971 1923
1972 1904
1972 1914
1974 1911
1975 1924
1975 1961
1977 1971
1978 1960
1980 1948
1982 1928
1982 1973
1984 1970
1985 1943
1986 1921
1986 1942
1987 1986
1988 1907
1988 1920
1990 1916
1992 1911
1993 1957
1994 1945
1994 1950
1995 1929
1995 1973
1996 1974
1997 1912
1997 1930
1998 1957
1999 1925
1999 1956
2000 967
2000 1918
2001 1903
2001 1978
2002 1919
2002 1984
2004 1969
2004 1976
2005 2004
2006 1966
2006 1985
2007 906
2007 1961
2007 1991
2008 1909
2008 1946
2009 2001
2010 1029
2012 1974
2012 2011
2013 1919
2013 1958
2014 1941
2014 1998
2015 1935
2015 1971
2016 1966
2016 1969
2017 1918
2017 1944
2018 2014
2019 1938
2019 1956
2019 1977
2021 2020
2027 2025
2028 2026
2036 1936
2037 1446
2038 1528
2039 1528
2040 2022
2046 2021
2051 2045
2052 2026
2053 2031
2054 2029
2055 2029
2056 1948
2056 2036
2058 2042
2058 2057
2059 1936
2059 1959
2061 1983
2063 2034
2065 2059
2066 2030
2066 2060
2067 1563
2067 2011
2068 1489
2068 2027
2069 2035
2069 2048
2069 2049
2070 2022
2070 2049
2071 1947
2071 2064
2072 2065
2074 2040
2074 2050
2075 1462
2075 2062
2077 2072
2078 2044
2079 2053
2080 2041
2081 2045
2082 2037
2083 2024
2084 2038
2084 2081
2085 2041
2086 2034
2086 2044
2086 2062
2087 2025
2087 2043
2087 2046
2088 2075
2089 2035
2089 2051
2089 2060
2090 2078
2091 2043
2091 2047
2091 2081
2092 2039
2093 2032
2094 2021
2095 2025
2095 2090
2096 2050
2096 2054
2096 2065
2098 2020
2098 2023
2100 2092
2101 1947
2101 1983
2102 1446
2102 2069
2102 2076
2103 1489
2103 2026
2104 2025
2105 2093
2113 2111
2123 2119
2129 2108
2136 2107
2139 2120
2141 2111
2142 2115
2144 2137
2147 2122
2149 2133
2150 2145
2151 2132
2152 2146
2155 2114
2156 1530
2156 1535
2157 2118
2157 2138
2157 2148
2158 2108
2159 2134
2159 2150
2160 2134
2162 2120
2162 2155
2164 2124
2165 2150
2166 2130
2168 2140
2169 2110
2169 2159
2170 2144
2171 2130
2173 2115
2174 2119
2178 2119
2179 2143
2179 2145
2179 2177
2180 2167
2182 2126
2182 2146
2183 2173
2183 2178
2184 2140
2189 2122
2191 2125
2192 2137
2194 2175
2194 2186
2200 2198
2203 2128
2204 2107
2204 2203
2205 2174
2208 2168
2209 2196
2210 2130
2213 2113
2214 2111
2214 2187
2216 1530
2217 2114
2218 2158
2218 2216
2219 660
2220 2186
2221 2116
2221 2185
2222 2201
2223 2221
2224 2167
2225 2106
2225 2181
2225 2204
2226 2122
2226 2176
2226 2198
2228 2140
2228 2152
2229 2170
2230 2112
2231 2195
2231 2202
2231 2215
2232 2121
2232 2127
2232 2187
2234 2163
2236 2112
2236 2214
2237 2124
2239 2107
2239 2120
2240 2145
2240 2213
2241 2229
2242 2238
2243 2188
2243 2223
2244 2148
2245 2210
2246 2133
2247 2141
2248 2193
2248 2224
2249 2237
2250 2249
2251 2164
2251 2184
2252 2250
2253 2125
2253 2203
2254 2118
2254 2220
2254 2233
2255 2196
2255 2227
2256 2149
2256 2194
2257 2127
2257 2181
2258 2244
2259 2154
2259 2192
2259 2246
2260 2152
2260 2242
2261 2180
2262 2209
2263 2137
2263 2201
2264 2109
2264 2163
2265 2185
2265 2206
2266 2245
2267 2227
2268 2224
2268 2258
2269 2135
2269 2165
2269 2188
2270 2267
2271 2163
2271 2235
2271 2266
2272 2151
2272 2193
2273 2173
2273 2257
2274 2166
2274 2182
2276 622
2276 634
2277 2123
2277 2200
2277 2207
2278 2109
2279 2178
2281 2187
2282 2260
2282 2268
2283 2202
2283 2239
2284 2109
2284 2212
2285 2207
2285 2262
2286 2114
2286 2161
2286 2274
2295 798
2295 812
2301 2299
2305 851
2306 876
2306 2287
2307 2298
2307 2299
2309 2308
2310 2292
2317 2304
2320 2298
2321 2293
2322 2300
2324 812
2324 2305
2326 2315
2327 2303
2327 2316
2327 2326
2330 2320
2331 2328
2332 2288
2332 2329
2337 2307
2338 2288
2339 2293
2340 841
2341 2325
2341 2328
2342 2313
2342 2318
2343 2339
2345 2302
2346 2323
2349 2334
2350 2323
2350 2333
2351 2337
2352 2294
2353 2309
2355 2318
2356 537
2356 2315
2357 2333
2358 2323
2359 2294
2359 2348
2360 2311
2361 472
2362 2314
2362 2325
2366 2297
2367 2343
2368 2289
2368 2314
2368 2324
2369 2352
2370 2288
2371 2331
2372 2364
2373 2316
2373 2363
2374 2333
2376 2351
2377 2330
2378 2296
2379 2290
2379 2321
2380 2329
2382 2296
2382 2363
2383 2314
2384 2349
2385 2363
2386 2296
2387 2292
2388 2290
2388 2336
2388 2387
2389 2343
2389 2377
2390 2291
2390 2302
2391 2366
2392 2322
2393 2355
2394 2297
2394 2357
2395 2332
2396 2292
2396 2375
2396 2381
2397 2338
2398 2317
2398 2392
2399 2291
2400 2308
2400 2345
2402 2346
2403 2313
2403 2338
2404 2319
2404 2348
2405 2322
2405 2325
2406 2367
2406 2384
2408 2353
2408 2379
2409 2323
2410 2349
2411 2367
2411 2401
2412 2302
2412 2391
2413 2360
2413 2391
2414 2384
2415 2340
2415 2409
2416 2398
2417 2295
2417 2344
2418 2308
2418 2347
2419 2372
2419 2409
2419 2416
2420 2365
2420 2386
2421 2313
2421 2401
2422 2312
2422 2352
2422 2386
2426 618
2433 2425
2441 2437
2442 2423
2446 2426
2447 595
2447 604
2449 2427
2449 2435
2451 2427
2452 2438
2453 2436
2454 2435
2460 2430
2460 2443
2464 2448
2467 598
2468 2434
2469 2438
2471 2440
2472 2465
2474 2429
2479 2440
2480 2435
2481 2462
2482 2427
2484 2441
2485 2425
2487 2432
2488 2482
2492 2441
2492 2477
2493 2478
2496 2443
2496 2444
2496 2453
2497 2445
2497 2455
2498 2457
2499 2428
2500 2424
2502 2481
2503 2433
2503 2489
2506 2469
2506 2473
2507 2424
2507 2471
2508 2432
2508 2461
2509 2489
2510 2450
2512 2459
2515 601
2515 604
2515 2455
2516 2475
2517 2470
2518 2458
2518 2512
2519 2508
2520 2493
2520 2495
2521 2459
2521 2511
2523 2520
2524 2478
2525 2504
2526 2442
2527 2453
2527 2502
2527 2525
2528 2424
2529 2436
2530 2438
2530 2462
2531 2483
2532 2456
2532 2466
2535 2470
2536 2535
2537 2434
2538 2522
2539 2498
2540 2451
2540 2464
2541 2464
2541 2514
2542 2454
2542 2468
2543 2531
2544 2503
2544 2519
2545 2511
2545 2522
2546 2466
2546 2467
2547 2504
2547 2539
2548 2428
2549 2464
2549 2512
2550 2548
2551 2525
2551 2538
2552 2486
2554 2448
2554 2523
2555 2474
2555 2475
2556 2440
2556 2543
2557 2450
2557 2485
2557 2505
2558 2484
2559 2431
2559 2446
2561 2523
2561 2528
2562 2479
2563 2516
2564 2442
2565 2442
2565 2461
2566 2445
2566 2505
2567 2466
2567 2487
2568 2431
2568 2472
2569 2465
2570 2429
2570 2446
2571 2437
2571 2458
2572 2500
2573 2491
2574 2548
2575 2425
2575 2460
2575 2533
2576 2433
2576 2439
2578 2505
2579 2463
2579 2472
2579 2546
2580 2476
2580 2513
2580 2551
2581 2545
2581 2550
2582 2452
2582 2536
2585 2490
2587 2585
2588 2584
2589 2494
2590 2583
2594 2583
2594 2588
2597 2592
2598 2595
2599 2586
2600 2591
2600 2599
2603 2534
2603 2592
2604 2597
2605 2598
2605 2602
2606 2590
2606 2598
2607 2583
2607 2596
2608 2600
2609 2494
2609 2587
2609 2601
2610 2605
2611 2423
2611 2589
2612 2601
2613 2591
2614 2595
2625 2624
2631 2627
2634 2620
2636 2620
2638 1134
2639 2617
2643 2629
2647 2641
2650 2642
2651 2619
2652 1655
2653 2616
2656 2649
2658 2643
2661 2626
2662 2626
2666 2619
2666 2636
2666 2660
2669 2667
2672 2621
2674 2661
2676 2659
2677 2656
2681 2657
2685 2672
2690 1199
2692 2624
2694 2637
2694 2691
2695 2650
2699 2633
2701 1660
2701 1704
2701 1709
2702 2698
2703 2693
2705 2648
2706 2625
2706 2638
2707 2697
2709 2631
2710 2668
2712 2622
2712 2673
2713 2697
2714 2653
2714 2665
2717 2716
2721 2693
2722 2702
2723 2629
2723 2646
2724 2624
2725 2627
2725 2696
2726 1206
2728 2657
2728 2713
2730 2655
2732 2628
2732 2666
2734 2630
2735 2718
2736 2644
2736 2733
2737 2708
2738 1244
2738 2731
2740 2653
2741 2641
2741 2689
2742 2618
2742 2700
2743 2670
2743 2671
2743 2678
2744 2659
2744 2737
2745 2644
2746 2628
2747 2679
2749 2698
2751 2661
2751 2711
2752 2615
2752 2719
2753 2731
2754 2641
2754 2704
2754 2734
2755 2667
2756 2664
2757 2696
2758 2692
2759 2692
2760 2686
2761 2652
2762 2690
2763 2682
2764 2725
2764 2758
2765 2686
2766 2684
2767 2684
2767 2699
2768 2645
2769 2674
2770 2723
2771 2770
2772 2637
2772 2683
2772 2702
2773 2657
2774 2617
2774 2685
2775 2677
2775 2705
2775 2720
2776 1147
2777 2630
2778 2684
2778 2747
2779 2655
2780 2623
2781 2708
2782 2676
2782 2759
2783 1660
2783 2688
2784 2716
2785 2632
2786 2639
2787 2662
2788 2655
2789 2639
2789 2787
2790 2726
2791 2681
2791 2718
2792 2660
2792 2717
2794 2646
2794 2656
2795 2651
2795 2768
2796 2618
2796 2789
2797 2669
2797 2753
2798 2695
2799 2667
2799 2689
2800 2671
2800 2763
2801 2691
2801 2779
2802 2687
2802 2700
2802 2719
2802 2729
2803 2703
2804 2642
2805 2659
2806 2763
2806 2777
2806 2803
2807 2623
2807 2730
2808 2633
2809 2628
2809 2632
2810 2675
2811 2693
2811 2727
2812 2721
2813 2664
2814 2682
2815 2626
2815 2733
2815 2766
2816 1662
2816 2793
2817 2735
2817 2765
2818 2793
2818 2795
2819 2621
2819 2654
2819 2773
2820 2663
2820 2747
2821 2622
2821 2810
2822 2675
2823 2635
2823 2651
2824 2724
2824 2756
2825 1651
2825 1654
2826 2663
2826 2758
2827 2658
2827 2750
2828 2727
2828 2762
2828 2790
2829 2623
2829 2675
2829 2739
2830 2668
2830 2712
2830 2771
2832 2805
2833 2678
2833 2679
2833 2748
2834 2616
2834 2813
2835 2640
2835 2665
2836 2740
2836 2761
2836 2776
2837 2691
2837 2769
2843 2302
2848 2337
2851 2842
2853 2390
2856 2335
2856 2360
2859 2857
2865 2858
2867 2840
2874 2861
2875 721
2876 2850
2876 2857
2878 2861
2883 2864
2887 2854
2888 2853
2888 2865
2889 2872
2889 2886
2890 2864
2890 2889
2892 2849
2893 2851
2894 2880
2895 2873
2897 2887
2900 2851
2901 2870
2902 2895
2903 2870
2903 2886
2909 2893
2909 2896
2910 2862
2912 2844
2912 2862
2912 2911
2913 2879
2913 2904
2916 2876
2918 2858
2919 2910
2920 2877
2920 2891
2921 2899
2921 2903
2922 2863
2925 2854
2926 2847
2926 2865
2926 2924
2928 2841
2929 2846
2930 2846
2930 2895
2930 2905
2931 2870
2931 2884
2932 2928
2934 2907
2935 2847
2936 2925
2936 2929
2937 2854
2937 2882
2938 2881
2938 2909
2939 2844
2940 2844
2940 2867
2940 2902
2942 2884
2942 2923
2943 2919
2944 2867
2945 2923
2946 2871
2946 2935
2946 2939
2947 2855
2947 2922
2948 2839
2949 2872
2949 2928
2950 2861
2951 2299
2952 2852
2952 2896
2954 2877
2955 2954
2956 2855
2956 2873
2957 2850
2957 2879
2958 2913
2958 2915
2959 2287
2960 2841
2960 2908
2962 2916
2963 2866
2964 2943
2965 2933
2965 2942
2966 2839
2967 2878
2967 2899
2968 2881
2969 2874
2970 2873
2971 2907
2972 2879
2973 702
2973 2908
2973 2914
2974 2900
2974 2962
2975 2845
2975 2906
2976 2950
2977 674
2977 717
2978 2869
2978 2875
2978 2885
2978 2898
2979 2838
2979 2847
2979 2891
2980 2882
2981 2959
2981 2979
2982 2849
2982 2917
2982 2966
2983 2868
2983 2892
2984 2845
2984 2915
2985 2969
2986 2860
2986 2943
2987 2854
2987 2952
2988 2910
2988 2961
2989 2911
2990 2936
2991 2850
2991 2901
2991 2963
2992 2945
2993 2840
2999 1560
3002 2998
3015 3012
3015 3013
3016 1443
3016 1533
3019 3001
3020 3019
3023 2999
3029 3027
3039 3032
3046 3043
3047 3037
3048 1534
3049 3014
3050 3017
3051 3041
3053 3040
3055 2994
3055 3007
3056 3023
3056 3035
3059 3045
3060 3022
3064 3027
3064 3040
3065 3035
3067 3000
3068 3011
3069 3028
3070 3010
3073 3041
3073 3069
3074 3002
3074 3035
3074 3063
3076 3071
3078 3051
3080 3057
3081 3026
3082 3046
3083 3043
3083 3079
3083 3081
3084 2997
3088 3004
3089 3047
3091 3000
3091 3086
3094 3092
3095 3061
3096 3004
3096 3018
3097 3076
3097 3077
3098 3075
3099 3014
3099 3036
3099 3066
3100 3045
3101 2994
3102 3061
3102 3082
3105 3034
3105 3048
3105 3072
3106 3063
3108 2994
3109 3022
3110 3050
3110 3072
3111 3046
3112 3021
3114 3023
3116 3006
3116 3029
3117 3034
3117 3115
3118 3031
3118 3087
3124 2997
3125 3071
3125 3107
3127 1608
3128 2998
3129 3104
3129 3113
3130 3003
3131 3015
3131 3117
3132 3086
3134 3022
3134 3038
3135 3116
3136 3089
3136 3133
3137 3006
3137 3120
3138 3056
3139 2063
3140 3051
3140 3123
3141 3032
3142 3005
3142 3057
3144 3121
3145 3033
3145 3062
3145 3066
3146 3144
3147 3010
3147 3075
3148 3061
3149 3140
3150 3053
3151 3129
3152 3072
3153 3068
3153 3075
3154 3031
3155 3108
3155 3112
3156 3005
3156 3030
3157 3037
3157 3152
3158 3070
3159 3156
3160 3032
3160 3077
3161 3025
3161 3087
3161 3133
3162 3026
3162 3044
3164 3142
3165 3020
3166 2995
3166 3024
3167 3030
3168 3062
3169 3077
3170 1443
3170 1490
3171 3169
3173 3127
3174 3021
3174 3030
3175 3001
3175 3163
3176 3141
3176 3150
3177 3036
3177 3167
3178 3008
3178 3038
3178 3054
3179 3160
3180 3044
3181 3011
3182 3065
3182 3090
3182 3143
3183 3111
3183 3172
3184 3006
3184 3078
3184 3151
3185 1483
3185 3013
3186 3040
3186 3109
3186 3132
3187 3032
3188 3181
3189 3101
3189 3130
3190 1468
3191 3079
3191 3093
3192 3089
3193 3018
3193 3094
3193 3192
3195 3146
3195 3159
3196 2998
3197 2995
3197 3081
3198 3045
3198 3174
3199 3183
3200 3078
3200 3080
3200 3098
3201 1490
3201 3113
3202 3123
3202 3124
3203 1482
3203 3042
3203 3119
3204 3044
3204 3121
3205 3097
3205 3114
3206 3054
3206 3173
3207 3108
3210 1615
3212 3211
3216 3209
3217 3208
3219 3213
3220 3213
3222 1318
3223 3218
3224 3214
3225 3211
3226 3217
3227 3208
3228 3212
3229 1282
3230 3208
3231 3211
3234 3215
3234 3219
3235 3216
3237 3226
3239 3218
3240 3225
3240 3233
3241 3213
3241 3223
3242 3238
3243 3226
3243 3238
3245 3214
3245 3244
3246 3227
3246 3236
3247 3232
3247 3235
3249 3219
3250 3220
3251 3231
3251 3249
3259 3254
3259 3255
3261 3260
3262 3253
3265 3263
3271 3252
3274 3265
3278 3277
3280 3264
3281 3276
3283 3254
3283 3269
3285 3275
3286 3268
3287 3216
3287 3270
3293 3273
3294 3291
3295 3258
3297 3292
3299 3297
3300 3290
3301 3258
3301 3300
3303 3276
3303 3294
3304 3256
3306 3290
3307 3298
3310 3280
3311 3308
3312 3280
3312 3297
3315 3283
3315 3293
3317 3263
3319 3285
3320 3268
3320 3309
3321 3264
3322 3271
3322 3303
3323 3303
3324 3286
3324 3289
3324 3294
3325 3317
3326 3252
3326 3275
3329 3273
3329 3302
3329 3313
3330 3256
3331 3321
3333 3284
3333 3311
3333 3332
3334 3271
3335 3264
3335 3316
3339 3266
3340 3253
3340 3328
3341 3299
3342 3260
3342 3334
3343 3262
3343 3309
3343 3337
3344 3259
3344 3289
3345 3261
3345 3277
3346 3298
3346 3331
3347 3279
3348 3266
3348 3288
3348 3296
3349 3254
3350 3330
3351 3279
3353 3261
3354 3312
3355 3284
3356 3305
3356 3344
3357 3338
3358 3336
3358 3350
3359 3274
3359 3338
3360 3257
3360 3291
3360 3295
3360 3358
3361 3266
3361 3267
3362 3282
3363 3282
3364 3310
3369 1878
3383 526
3386 3366
3386 3378
3387 3381
3388 3380
3389 3371
3391 1845
3394 3393
3396 3390
3398 3368
3401 3399
3403 3390
3403 3400
3405 3370
3408 3371
3409 1878
3413 3402
3416 3397
3418 3366
3418 3367
3423 3402
3427 3410
3431 3379
3431 3386
3431 3422
3433 3369
3435 3402
3435 3403
3437 3424
3438 3407
3442 41
3444 3375
3446 3376
3447 158
3447 3394
3448 3420
3449 1859
3451 3389
3453 3407
3454 41
3454 158
3455 3420
3456 3425
3458 3444
3459 3458
3460 3394
3462 3425
3463 3385
3463 3404
3463 3414
3463 3445
3464 3372
3466 3456
3468 3378
3472 3469
3475 3470
3476 3423
3477 3457
3478 3388
3479 3381
3480 3413
3483 3450
3483 3480
3484 3428
3484 3429
3485 3461
3486 3438
3487 3389
3487 3459
3489 3384
3489 3436
3491 3466
3492 3368
3492 3482
3492 3490
3493 3448
3494 3392
3494 3475
3495 3441
3495 3493
3496 1836
3497 3377
3497 3427
3497 3474
3498 3446
3498 3479
3499 3473
3500 3382
3501 3377
3501 3485
3502 3440
3505 3456
3505 3499
3506 3440
3507 3370
3507 3383
3507 3391
3508 3478
3508 3506
3509 3461
3510 3392
3510 3481
3511 3367
3512 3370
3514 3401
3515 3500
3516 3441
3517 3398
3517 3457
3518 3398
3519 3469
3520 3447
3520 3482
3521 3499
3522 3417
3523 3412
3523 3458
3523 3486
3524 3501
3524 3522
3525 3387
3525 3437
3526 3519
3527 3382
3527 3465
3527 3504
3528 3374
3529 3406
3529 3439
3529 3515
3531 3424
3531 3502
3535 3375
3535 3514
3536 3399
3536 3426
3537 3372
3537 3397
3538 3475
3539 3432
3539 3476
3540 3400
3540 3415
3541 3462
3542 3382
3544 3534
3545 3520
3546 3368
3547 3491
3548 3405
3548 3411
3549 3467
3549 3511
3551 3450
3552 3374
3553 3396
3553 3521
3554 3419
3555 3518
3556 3374
3557 3434
3557 3518
3558 3375
3559 42
3559 3443
3560 3537
3561 3408
3562 3471
3563 3498
3563 3503
3565 3439
3565 3512
3566 3420
3566 3561
3567 3488
3568 3440
3568 3513
3568 3567
3569 3378
3570 3464
3571 3365
3571 3440
3571 3556
3572 1834
3572 3409
3572 3411
3573 3483
3574 3470
3574 3488
3575 3494
3576 3388
3576 3453
3578 38
3579 3443
3580 3450
3581 3472
3583 3412
3583 3428
3584 3380
3584 3384
3585 3373
3585 3404
3586 3384
3587 3452
3587 3514
3588 3530
3588 3561
3588 3569
3589 3517
3589 3541
3590 3491
3591 3445
3591 3484
3592 3532
3592 3543
3593 3463
3594 3449
3594 3496
3594 3575
3595 3441
3596 3532
3596 3593
3597 3550
3597 3564
3598 3416
3599 3573
3600 3509
3600 3564
3601 3530
3602 3393
3603 3390
3604 3395
3604 3415
3604 3471
3605 3533
3606 3586
3607 3479
3608 3412
3608 3430
3609 3395
3609 3416
3609 3421
3610 3477
3612 3372
3612 3556
3613 3419
3613 3467
3614 3535
3616 3532
3616 3534
3621 1754
3621 3618
3623 3622
3624 3623
3629 3618
3631 3619
3632 56
3633 3628
3634 56
3634 3626
3637 3620
3637 3625
3638 3617
3638 3624
3639 3636
3641 3626
3641 3635
3643 3630
3643 3633
3644 3623
3645 3622
3647 1389
3647 3624
3648 3638
3649 3627
3650 3630
3650 3635
3650 3642
3651 3627
3652 108
3653 1798
3653 3639
3653 3646
3654 3622
3654 3629
3655 3620
3655 3640
3656 3634
3656 3651
3657 3628
3665 3662
3669 2592
3669 2614
3672 3660
3674 2591
3675 3661
3677 3671
3679 3676
3680 3658
3680 3665
3681 3659
3682 3667
3686 3668
3686 3681
3687 3678
3688 3670
3688 3684
3689 3662
3689 3664
3690 3676
3690 3687
3691 3668
3692 3678
3693 3668
3695 3667
3697 3676
3698 3659
3703 2588
3703 2593
3706 3662
3706 3663
3707 3666
3708 3688
3708 3707
3709 3668
3709 3705
3710 3672
3712 3692
3713 3677
3714 3693
3715 3683
3715 3697
3716 3711
3717 3674
3718 3661
3718 3713
3718 3716
3719 3689
3720 3659
3721 3714
3724 3666
3725 3664
3725 3673
3725 3699
3726 3685
3726 3705
3726 3711
3727 3666
3727 3694
3728 3695
3728 3704
3729 3673
3729 3710
3730 3684
3730 3704
3731 3730
3732 3679
3733 3663
3733 3722
3734 3700
3734 3715
3735 3660
3735 3684
3736 3709
3737 3721
3737 3723
3738 3696
3738 3701
3739 3661
3739 3712
3740 3706
3740 3717
3741 3670
3741 3701
3742 3702
3742 3705
3752 3224
3754 3744
3760 3754
3761 3743
3762 3749
3766 3763
3768 3749
3768 3758
3771 3750
3771 3765
3776 3762
3777 3747
3778 3756
3779 3757
3779 3770
3779 3775
3780 3751
3780 3766
3781 3765
3782 3772
3783 3328
3784 3769
3785 3746
3786 3747
3786 3752
3787 3774
3788 3745
3788 3755
3789 3753
3789 3778
3790 1273
3792 3770
3793 3750
3794 2057
3794 3789
3795 3772
3795 3778
3796 3751
3796 3764
3797 3759
3797 3762
3797 3782
3798 3796
3799 3769
3800 3783
3801 3785
3802 3745
3803 3777
3803 3790
3805 3757
3805 3761
3806 3746
3806 3784
3807 3763
3807 3781
3807 3791
3807 3792
3808 3755
3808 3780
3809 3764
3810 3748
3811 3754
3811 3810
3812 3767
3813 3278
3813 3767
3813 3804
3815 3773
3815 3784
3816 3783
3816 3801
3817 3809
3818 3799
3819 3224
3819 3818
3820 3767
3820 3770
3821 2057
3821 2079
3825 489
3839 3834
3842 3370
3843 3837
3849 3833
3850 3838
3852 515
3856 3844
3857 3824
3857 3830
3860 3831
3861 3849
3861 3859
3862 3850
3863 3834
3865 3846
3869 3856
3870 3835
3870 3845
3871 3832
3871 3846
3871 3847
3875 3827
3876 3860
3879 3853
3880 3864
3881 3865
3882 3843
3882 3874
3883 3880
3884 3867
3884 3877
3886 3881
3888 3835
3889 3872
3890 3849
3890 3867
3891 3826
3892 3829
3893 3829
3893 3880
3894 3827
3894 3830
3894 3836
3895 3852
3896 3845
3896 3853
3899 3879
3899 3883
3900 3881
3901 3831
3901 3867
3902 3848
3902 3868
3903 3826
3903 3840
3907 3512
3908 3839
3908 3869
3908 3898
3910 3907
3911 3878
3912 3848
3912 3855
3912 3909
3913 3870
3913 3897
3914 3850
3914 3851
3915 3833
3917 3838
3918 3826
3919 3837
3919 3889
3920 3905
3920 3915
3921 3843
3922 3880
3922 3914
3923 3875
3926 515
3927 3887
3928 3828
3928 3875
3929 3847
3929 3885
3930 3871
3930 3916
3930 3920
3931 3864
3931 3900
3932 3889
3932 3904
3933 3863
3933 3887
3934 3841
3934 3906
3935 3855
3936 3858
3936 3874
3937 3828
3937 3905
3938 3889
3939 3841
3940 3837
3940 3906
3941 3848
3942 3898
3942 3938
3943 3840
3943 3877
3944 3844
3944 3866
3945 3911
3946 3855
3946 3939
3951 3948
3952 500
3952 3950
3955 3951
3959 3954
3960 3949
3962 3959
3963 3953
3966 3956
3968 3957
3970 3954
3971 3969
3973 3972
3974 3964
3975 3857
3976 3957
3977 3947
3977 3960
3977 3968
3978 3972
3978 3974
3979 3878
3980 3958
3980 3961
3981 1054
3981 3955
3982 3970
3983 3953
3983 3980
3984 3950
3985 3952
3986 3958
3987 3965
3987 3984
3988 3971
3989 3988
3990 3965
3990 3967
3990 3983
3992 3954
3993 3892
3993 3925
3996 3993
3997 3967
3997 3994
3997 3995
3998 3958
3999 3911
3999 3997
4000 3947
4000 3982
4001 3961
4002 3970
4002 3971
4002 3974
4003 3894
4003 3995
4004 3962
4004 4001
4005 3956
4005 3981
4008 3282
4008 3288
4024 4012
4025 4023
4026 4022
4032 3281
4032 3364
4034 4021
4038 4011
4041 4022
4042 4030
4042 4041
4043 3304
4047 3332
4047 3339
4050 3175
4051 4046
4052 4009
4056 4009
4057 4015
4060 4020
4064 4053
4066 4048
4069 4025
4070 4017
4071 4044
4071 4065
4073 4054
4075 4016
4076 4017
4077 4028
4079 4061
4079 4067
4080 4033
4082 4068
4084 4024
4086 4020
4086 4070
4089 4070
4097 4027
4097 4048
4098 4065
4099 3189
4100 4033
4100 4087
4101 4020
4101 4092
4102 4077
4103 4023
4104 3272
4104 3327
4105 4013
4105 4057
4105 4082
4106 4087
4108 4071
4109 4091
4110 4089
4111 4107
4112 4022
4112 4090
4112 4107
4113 4083
4114 4010
4115 4054
4115 4058
4118 4026
4118 4093
4119 4025
4120 4036
4121 4037
4122 3222
4122 3239
4123 4014
4124 4016
4124 4088
4124 4091
4125 4012
4126 4031
4126 4108
4127 4082
4128 4061
4128 4064
4129 4015
4130 4064
4132 4019
4132 4058
4132 4064
4133 4098
4134 3314
4134 3363
4135 4034
4135 4037
4136 4049
4137 4018
4138 4038
4138 4136
4139 4060
4139 4130
4140 3009
4141 4094
4142 4096
4142 4119
4143 4093
4143 4123
4144 4010
4144 4040
4145 4099
4146 4080
4146 4113
4147 4016
4148 4073
4149 4051
4150 4017
4151 4069
4152 4038
4152 4133
4153 4035
4154 3774
4154 3810
4154 3814
4155 4009
4156 3318
4156 4007
4156 4095
4157 4051
4158 4117
4158 4151
4159 4006
4159 4062
4159 4099
4162 4028
4163 4078
4165 4057
4165 4081
4166 4055
4167 4109
4168 4035
4168 4055
4168 4074
4169 4126
4169 4155
4169 4167
4170 4113
4171 4110
4171 4170
4172 4014
4172 4076
4173 4029
4173 4102
4174 4059
4174 4116
4174 4152
4175 4036
4176 4088
4177 4062
4177 4131
4177 4141
4178 4046
4179 4089
4180 4077
4180 4084
4180 4114
4182 4145
4182 4163
4183 4068
4184 4045
4184 4066
4185 4106
4185 4161
4185 4182
4186 4161
4187 4006
4187 4137
4188 4019
4189 4072
4189 4114
4190 4056
4190 4166
4191 4053
4191 4072
4192 4076
4193 3314
4193 3327
4193 4095
4194 4066
4194 4075
4195 4037
4196 4046
4197 4085
4197 4103
4198 2117
4206 3817
4214 4211
4217 4205
4222 4199
4222 4207
4223 2083
4226 4225
4228 4225
4235 4209
4235 4213
4239 1306
4239 4203
4241 4221
4242 4220
4245 4243
4246 4206
4247 4233
4248 4240
4249 4199
4249 4237
4250 4216
4250 4246
4252 4219
4253 4250
4254 4211
4256 4229
4257 4232
4258 4240
4259 4232
4259 4248
4259 4255
4260 4204
4260 4219
4260 4249
4262 4238
4263 4205
4265 1289
4265 4203
4265 4263
4267 1292
4268 4245
4270 4222
4271 4256
4272 4217
4273 4223
4273 4255
4274 4244
4275 4231
4276 4267
4277 3822
4278 2117
4279 4262
4282 4226
4283 4207
4283 4227
4283 4261
4284 4258
4285 4234
4285 4238
4287 4221
4287 4236
4287 4263
4288 3760
4288 4209
4288 4286
4290 4218
4290 4270
4290 4275
4291 4254
4293 4240
4294 4237
4294 4291
4295 4212
4295 4230
4296 4200
4296 4208
4296 4269
4297 4246
4298 4253
4298 4280
4299 4221
4299 4243
4300 4228
4300 4281
4301 4198
4301 4226
4301 4268
4302 4219
4302 4242
4303 4213
4304 4261
4305 4264
4305 4274
4306 4233
4306 4269
4307 4212
4307 4215
4308 4244
4309 4215
4309 4285
4310 4242
4311 4247
4312 4244
4312 4280
4313 2073
4313 4284
4314 4248
4315 4246
4316 4200
4316 4211
4318 4201
4318 4238
4318 4281
4319 4293
4320 4264
4320 4319
4321 4234
4322 4217
4322 4267
4323 4264
4323 4289
4324 4234
4325 4271
4325 4319
4325 4321
4326 4251
4326 4282
4327 4320
4328 4230
4328 4266
4333 756
4333 1056
4335 783
4339 4332
4340 772
4340 4331
4341 1354
4342 1693
4344 1354
4344 4329
4344 4332
4345 4331
4346 4342
4347 4346
4350 4337
4351 4338
4351 4348
4352 4330
4352 4349
4353 4338
4354 4348
4354 4349
4355 1370
4355 4337
4355 4341
4365 4364
4368 4366
4370 4362
4371 4362
4373 4367
4374 4363
4375 4367
4378 4372
4380 4366
4381 4358
4381 4361
4381 4371
4381 4372
4382 4360
4383 4357
4384 4376
4385 4373
4385 4374
4386 4360
4387 2642
4388 2594
4389 2804
4390 2642
4391 4365
4392 4371
4393 4357
4394 4356
4394 4366
4395 4393
4396 4364
4396 4377
4396 4395
4397 4394
4398 4366
4399 4361
4399 4379
4400 4363
4400 4384
4401 4386
4402 4374
4402 4391
4403 4358
4404 4359
4405 4361
4405 4380
4406 4356
4406 4365
4407 1706
4408 4357
4408 4407
4409 4359
4409 4369
4410 4353
4410 4359
4411 4358
4412 4401
4412 4406
4413 4360
4413 4388
4414 4370
4415 4387
4415 4393
4416 4369
4416 4375
4417 4407
4419 3976
4421 4420
4423 747
4424 4420
4425 4420
4425 4422
4426 4422
4427 4421
4427 4423
4428 4418
4428 4421
4433 4021
4433 4068
4433 4148
4438 4021
4440 4437
4447 4441
4469 4435
4469 4451
4471 4447
4472 4464
4473 4443
4474 4430
4478 4455
4479 4457
4481 4432
4484 4439
4485 4448
4485 4460
4486 4464
4487 4434
4487 4442
4487 4451
4488 4483
4489 4467
4492 4431
4492 4449
4493 4454
4493 4491
4494 4452
4495 4063
4496 4447
4496 4494
4500 4448
4501 4467
4502 4498
4502 4501
4504 4466
4505 4443
4506 4458
4507 4482
4508 4462
4509 4456
4509 4503
4510 4454
4516 4029
4517 4164
4518 4437
4519 4456
4519 4471
4520 4440
4521 4441
4523 4518
4525 4459
4526 4496
4527 4465
4528 4029
4529 4434
4529 4486
4530 4443
4531 4466
4532 4449
4533 4459
4533 4503
4534 4506
4535 4181
4536 4532
4537 4462
4539 4474
4541 4497
4541 4500
4542 4520
4543 4539
4544 4521
4545 4149
4545 4164
4545 4524
4547 4513
4548 4508
4549 4478
4551 4497
4552 4516
4552 4535
4552 4548
4553 4504
4553 4511
4553 4514
4555 4450
4555 4484
4556 4471
4556 4547
4557 4465
4557 4476
4557 4490
4558 4525
4559 4477
4560 4455
4561 4483
4563 4473
4564 4479
4565 4559
4566 4475
4567 4160
4567 4495
4567 4524
4568 4476
4568 4501
4569 3274
4570 4477
4570 4569
4571 4039
4571 4148
4572 4538
4573 4454
4574 4487
4575 4463
4575 4556
4576 4512
4577 4491
4577 4526
4578 4436
4578 4536
4579 4533
4579 4554
4580 4458
4581 4461
4582 4430
4582 4549
4583 4445
4583 4524
4583 4564
4584 4545
4585 4539
4585 4558
4586 4461
4586 4472
4587 4195
4587 4444
4588 4490
4588 4515
4588 4533
4589 4543
4590 4484
4591 4459
4591 4511
4592 4491
4592 4518
4593 4512
4593 4585
4594 4436
4595 4554
4596 4517
4596 4573
4597 4540
4597 4544
4598 4506
4599 4532
4600 4538
4600 4581
4601 4464
4601 4530
4602 4442
4602 4453
4603 4435
4603 4481
4603 4534
4604 4488
4604 4546
4605 4603
4606 4497
4606 4576
4607 4449
4607 4470
4607 4477
4608 4564
4609 4529
4610 4431
4610 4514
4610 4550
4611 4450
4611 4470
4612 4512
4613 4537
4614 4542
4614 4604
4615 4507
4615 4595
4616 4572
4616 4608
4617 4475
4617 4510
4621 4620
4622 901
4625 3143
4633 4622
4633 4623
4639 4632
4647 4629
4648 4638
4649 4626
4653 4637
4654 4636
4655 4631
4655 4638
4657 4650
4658 4626
4661 1560
4662 4643
4662 4649
4663 4625
4663 4639
4664 4623
4665 4660
4666 4630
4666 4656
4666 4665
4667 4657
4669 900
4670 4618
4671 4635
4672 4638
4672 4645
4674 4659
4675 4624
4676 4634
4678 4618
4680 4674
4681 4673
4682 4633
4682 4679
4683 4629
4683 4679
4684 4636
4685 968
4685 4618
4686 4639
4686 4676
4687 4642
4687 4644
4687 4647
4688 4680
4689 4629
4690 4628
4690 4641
4691 4654
4691 4672
4692 4671
4692 4684
4693 4659
4695 4627
4695 4677
4696 4621
4697 1019
4697 4677
4697 4690
4698 4688
4698 4696
4699 4663
4700 4626
4700 4673
4701 4660
4702 4664
4702 4674
4703 3088
4704 4641
4704 4668
4705 4667
4706 4702
4707 4637
4708 4634
4709 4701
4710 4655
4710 4658
4711 4635
4711 4708
4712 4675
4712 4681
4712 4704
4713 4620
4713 4631
4713 4646
4714 4629
4714 4630
4714 4707
4715 4670
4716 4708
4717 4650
4717 4653
4723 4722
4726 231
4734 4718
4736 4722
4737 163
4737 4730
4741 4723
4742 4718
4746 4721
4746 4728
4747 4735
4748 4738
4749 4733
4751 4727
4752 183
4753 4719
4753 4723
4753 4750
4754 4743
4754 4747
4755 4734
4756 557
4756 4728
4758 4757
4759 4740
4760 4725
4761 638
4762 4724
4762 4748
4763 4731
4763 4742
4763 4751
4764 4724
4764 4744
4765 4719
4766 4722
4766 4757
4767 4741
4768 4721
4768 4758
4769 4732
4770 4720
4770 4741
4771 206
4771 4769
4772 4729
4772 4734
4772 4739
4773 4766
4774 4727
4774 4764
4776 4720
4776 4775
4777 4725
4777 4748
4778 4732
4778 4753
4779 4752
4780 4762
4780 4779
4781 4730
4781 4736
4782 4733
4782 4759
4783 4731
4784 664
4789 4784
4792 4789
4793 4790
4793 4791
4795 4788
4797 4786
4798 4789
4799 4788
4800 4793
4801 4759
4801 4797
4802 4790
4802 4798
4803 4791
4804 4794
4804 4803
4805 4796
4805 4797
4806 4795
4807 4787
4807 4795
4808 4787
4808 4792
4813 4480
4813 4811
4818 4811
4819 3143
4819 4815
4820 3052
4820 4818
4821 4812
4823 3093
4823 4822
4824 4820
4826 4822
4829 4826
4830 4814
4832 4812
4836 4810
4836 4824
4837 3196
4840 4829
4841 4814
4843 4842
4845 4828
4845 4831
4846 4817
4846 4841
4847 4842
4849 4829
4849 4830
4851 4809
4852 4835
4854 4816
4854 4822
4855 4809
4856 4855
4857 4827
4857 4848
4857 4853
4858 4828
4859 4825
4860 4809
4860 4821
4861 4498
4861 4499
4862 4810
4863 4852
4864 4821
4864 4839
4865 4832
4866 4832
4866 4844
4867 4825
4868 4838
4869 4833
4869 4844
4870 4814
4871 4835
4871 4848
4871 4867
4872 4832
4872 4868
4873 4849
4873 4869
4874 4826
4874 4847
4875 4817
4875 4848
4876 4850
4876 4862
4877 4833
4877 4834
4877 4862
4891 4882
4894 4888
4897 4887
4899 4885
4902 4901
4903 4883
4903 4900
4908 4906
4909 4884
4910 4905
4913 4889
4914 4890
4914 4906
4915 4883
4916 4907
4920 4909
4921 4897
4924 4880
4926 4880
4927 4888
4928 4880
4929 4883
4929 4892
4931 4883
4932 4900
4933 4885
4936 4907
4937 4908
4937 4911
4938 4930
4939 4904
4939 4920
4939 4937
4941 4905
4942 4934
4943 4894
4944 4882
4944 4888
4945 4891
4945 4917
4946 4941
4949 4881
4949 4923
4950 4905
4951 4920
4952 4889
4954 4878
4954 4936
4955 4890
4957 4893
4957 4925
4958 4886
4958 4925
4959 4919
4960 4944
4960 4956
4961 4926
4962 4914
4963 4886
4964 4909
4967 4933
4968 4952
4969 4898
4969 4903
4970 4947
4970 4954
4970 4966
4971 4896
4971 4929
4972 4896
4972 4938
4973 4892
4973 4964
4974 4957
4975 4917
4977 4940
4977 4959
4978 4902
4978 4916
4979 4893
4979 4959
4980 4889
4980 4897
4980 4953
4981 4893
4983 4921
4984 4924
4984 4948
4985 4922
4985 4955
4986 4911
4986 4983
4987 4907
4988 4879
4988 4933
4988 4976
4989 4935
4989 4956
4990 4882
4990 4912
4991 4968
4992 4885
4992 4941
4993 4924
4994 4973
4994 4982
4995 4900
4995 4901
4996 4913
4999 4786
4999 4806
5003 561
5004 4998
5005 5001
5006 4996
5006 5002
5007 4996
5007 5004
5008 4928
5009 5000
5010 4745
5011 4997
5011 5001
5012 5002
5014 5006
5015 5013
5016 5005
5016 5008
5017 5003
5018 4806
5019 5001
5019 5010
5020 5009
5020 5013
5021 5012
5022 4740
5022 5000
5023 4922
5025 3084
5026 4088
5027 1507
5028 1456
5034 2144
5041 5034
5044 2996
5045 5031
5047 4071
5049 5042
5053 5046
5058 5041
5060 3822
5060 4216
5062 5057
5063 5044
5064 2153
5065 3009
5065 3163
5066 5056
5067 5059
5069 5062
5072 5064
5073 3042
5076 5058
5076 5067
5077 5050
5082 3772
5082 3823
5083 5075
5083 5078
5088 5084
5089 5068
5090 2042
5090 2080
5091 5043
5091 5074
5091 5081
5092 4218
5092 4278
5096 5058
5097 5094
5100 5035
5101 5085
5102 5071
5103 5043
5104 5038
5105 5038
5105 5095
5106 5037
5107 5053
5107 5061
5108 5100
5110 5069
5111 5086
5112 5029
5112 5031
5113 3793
5113 3823
5114 3753
5115 5081
5115 5106
5116 5037
5117 5076
5117 5109
5118 5098
5119 5052
5120 5059
5121 5115
5122 5048
5122 5049
5123 5048
5124 5057
5125 5087
5126 2170
5127 1475
5128 5031
5128 5039
5129 5042
5129 5061
5130 5095
5131 5124
5131 5127
5132 5125
5133 5036
5133 5079
5133 5101
5134 5093
5135 5126
5136 5028
5137 5072
5138 5071
5139 5127
5140 2241
5141 5074
5142 5027
5142 5051
5142 5057
5143 5125
5143 5134
5144 5032
5145 5036
5146 5116
5146 5134
5147 5049
5148 5083
5150 5025
5151 5056
5151 5136
5151 5137
5151 5140
5152 5144
5153 5032
5153 5077
5153 5142
5155 5102
5156 4213
5156 4315
5157 5145
5158 5035
5158 5103
5160 5047
5160 5086
5161 5093
5163 5068
5163 5099
5164 1449
5165 5039
5165 5078
5166 5092
5167 5102
5168 5117
5169 5030
5169 5055
5169 5075
5169 5149
5170 5024
5170 5035
5172 5120
5172 5123
5173 5070
5173 5154
5174 5054
5176 5099
5176 5138
5177 5147
5177 5162
5178 5040
5178 5112
5179 3009
5180 5068
5181 5044
5181 5065
5181 5170
5182 5054
5182 5112
5183 5036
5183 5129
5183 5175
5184 5084
5184 5167
5185 5089
5185 5118
5185 5120
5186 5139
5187 5055
5187 5119
5187 5186
5188 5070
5188 5152
5189 4176
5189 5179
5190 5105
5190 5159
5190 5171
5191 5097
5191 5118
5192 5030
5192 5138
5193 5033
5193 5086
5193 5159
5194 5179
5197 4930
5205 5196
5209 5207
5211 4879
5218 5212
5219 4993
5224 5195
5230 5229
5233 5203
5236 5223
5238 5207
5239 5235
5241 5204
5245 5226
5246 5214
5246 5222
5247 5221
5250 5219
5251 5197
5254 5195
5255 5208
5260 5202
5260 5259
5261 5249
5262 5220
5263 5222
5263 5229
5265 5232
5268 4985
5269 5243
5269 5252
5269 5256
5270 5250
5271 5268
5274 5236
5275 5238
5276 4949
5277 5240
5279 5213
5279 5214
5280 5253
5281 5218
5282 5215
5284 5261
5284 5272
5285 5216
5285 5225
5285 5234
5286 5200
5286 5227
5287 5240
5289 5287
5290 4965
5291 5213
5291 5278
5292 5213
5293 5208
5295 5276
5296 4918
5296 5202
5297 5249
5298 5232
5298 5297
5300 5254
5300 5258
5301 5253
5302 5228
5303 4975
5303 5219
5304 5239
5304 5275
5305 5233
5305 5289
5306 5204
5306 5300
5307 5202
5307 5210
5307 5267
5308 5208
5308 5223
5309 5253
5310 5283
5311 4879
5311 5245
5312 5256
5312 5302
5313 5294
5314 5257
5315 5206
5315 5251
5316 5212
5317 5267
5318 5220
5318 5231
5318 5244
5319 5283
5323 5201
5323 5272
5324 5224
5324 5257
5324 5310
5325 5231
5326 5217
5326 5228
5327 5282
5328 5212
5328 5252
5328 5299
5331 5234
5331 5255
5332 5226
5332 5231
5333 5299
5334 5243
5334 5322
5335 5196
5335 5295
5336 5205
5337 5203
5338 5270
5338 5274
5339 5267
5339 5320
5340 5247
5340 5302
5341 5246
5342 5244
5342 5297
5343 5321
5344 5264
5344 5286
5344 5293
5345 5278
5345 5310
5347 5282
5347 5291
5348 5230
5348 5343
5349 5215
5349 5280
5350 5239
5350 5289
5351 5336
5352 5226
5352 5235
5353 5313
5354 5237
5355 4917
5355 5266
5356 5196
5358 5225
5360 5203
5360 5331
5362 5238
5363 5274
5363 5290
5364 5336
5365 5221
5365 5337
5365 5354
5366 5211
5367 5272
5368 5195
5368 5242
5368 5316
5369 5316
5370 5232
5371 5248
5372 5294
5372 5322
5373 5201
5373 5202
5373 5329
5374 5268
5374 5367
5376 5264
5376 5330
5376 5361
5377 5247
5377 5359
5378 5261
5379 5265
5380 5207
5381 5302
5382 5363
5387 1295
5388 309
5390 5388
5392 5383
5394 5385
5394 5388
5396 5392
5396 5393
5397 5384
5397 5385
5401 1312
5403 1292
5405 5404
5406 5389
5406 5404
5407 5384
5407 5405
5408 5401
5408 5402
5410 5398
5410 5402
5411 1310
5411 1316
5412 1316
5413 5383
5413 5406
5414 5405
5414 5409
5415 5400
5416 5395
5417 5412
5417 5415
5418 5391
5418 5393
5419 5395
5419 5414
5420 5386
5421 1298
5421 5387
5421 5400
5421 5409
5422 5416
5426 251
5446 5437
5454 252
5454 5453
5461 5431
5466 5460
5470 5440
5471 5426
5472 5444
5475 5451
5482 5434
5486 5429
5487 5458
5489 5443
5489 5472
5490 5479
5491 5479
5496 5427
5500 5444
5501 5430
5502 5442
5504 5424
5504 5425
5505 5502
5508 5450
5511 5435
5516 5461
5518 5434
5518 5471
5521 5433
5521 5501
5523 5462
5523 5484
5525 5457
5525 5469
5526 5455
5526 5474
5528 5513
5531 5507
5532 5515
5533 5504
5534 5493
5536 5463
5538 5506
5541 5466
5543 5447
5543 5450
5547 5478
5548 5513
5548 5527
5550 5536
5551 5480
5553 5548
5554 5454
5557 5464
5557 5537
5558 5452
5559 5455
5559 5517
5561 5465
5562 5510
5562 5529
5566 5542
5567 5536
5569 5460
5570 5544
5573 5521
5574 5464
5576 5563
5579 5468
5579 5558
5580 5539
5581 5435
5581 5520
5582 5448
5584 5534
5584 5571
5585 5458
5588 5552
5589 5525
5590 5514
5593 5467
5594 5436
5595 5555
5597 5433
5597 5451
5600 5526
5601 5534
5602 5488
5602 5509
5603 5578
5606 5540
5609 5527
5611 5588
5613 5450
5614 5545
5615 5438
5616 5524
5616 5563
5616 5599
5617 5607
5621 5580
5622 5442
5622 5610
5623 5579
5624 5434
5624 5610
5625 5531
5627 5494
5628 5585
5629 5519
5630 5556
5631 5629
5632 5490
5634 5446
5635 5526
5635 5619
5636 5541
5636 5570
5637 5436
5637 5561
5638 5539
5639 5447
5640 5522
5640 5544
5641 5596
5642 5515
5643 5480
5643 5600
5644 5547
5644 5577
5645 5591
5646 5425
5646 5507
5647 5469
5648 5492
5648 5550
5650 5474
5651 5493
5652 5538
5654 5541
5655 5620
5656 5523
5657 5439
5657 5604
5658 5493
5658 5530
5659 5462
5660 5560
5660 5597
5661 5439
5662 5624
5663 5506
5663 5646
5664 5438
5665 5477
5666 5491
5667 191
5667 5549
5667 5554
5668 5499
5668 5585
5669 5486
5669 5568
5670 5628
5673 5548
5673 5615
5673 5672
5675 5661
5676 5449
5676 5460
5676 5473
5677 5583
5678 5518
5679 5671
5680 5540
5681 5495
5681 5527
5682 5468
5682 5492
5683 5549
5684 5470
5684 5578
5685 5588
5686 5664
5687 5427
5687 5582
5688 5574
5688 5671
5690 5465
5691 5446
5691 5608
5691 5647
5693 5551
5694 5449
5694 5631
5695 5494
5695 5572
5695 5612
5696 5441
5696 5586
5697 5589
5697 5638
5698 5551
5699 5632
5700 5563
5700 5633
5701 5579
5702 5542
5702 5545
5702 5651
5703 5431
5704 5426
5705 5503
5705 5675
5706 5498
5706 5595
5707 5469
5708 5479
5710 5618
5710 5641
5710 5708
5711 5680
5712 5571
5712 5593
5713 5456
5714 5475
5714 5603
5714 5653
5715 5549
5716 5448
5717 5693
5718 5483
5718 5669
5719 5473
5719 5659
5720 213
5720 5482
5721 5507
5723 5590
5724 5567
5725 5577
5725 5599
5726 5688
5727 5477
5727 5633
5727 5634
5728 5495
5729 5533
5729 5650
5730 5688
5731 5517
5732 5470
5732 5716
5733 5509
5733 5550
5734 5692
5735 5541
5736 5445
5736 5477
5738 5564
5738 5706
5739 5568
5740 5519
5740 5598
5741 5532
5742 5494
5742 5620
5742 5721
5743 5708
5744 5459
5744 5484
5744 5657
5745 5698
5746 5528
5746 5585
5747 5454
5747 5556
5748 5481
5748 5644
5748 5734
5749 5472
5749 5622
5750 5469
5751 5485
5751 5595
5751 5621
5752 5596
5752 5629
5753 5506
5754 5575
5755 5712
5756 5489
5756 5520
5756 5604
5757 5653
5758 5537
5758 5638
5759 5710
5759 5722
5760 5670
5761 5591
5762 5679
5763 5467
5763 5757
5764 5503
5764 5586
5765 5672
5766 5734
5767 5450
5767 5647
5768 5692
5768 5701
5769 5514
5769 5739
5770 5496
5770 5719
5771 5530
5771 5546
5771 5683
5772 5503
5772 5587
5773 5486
5773 5722
5774 5428
5774 5533
5774 5607
5775 5641
5776 5642
5776 5652
5777 5524
5777 5713
5777 5728
5780 5461
5780 5757
5781 5549
5781 5674
5782 5571
5782 5611
5783 5594
5783 5605
5784 5636
5802 5791
5805 5799
5807 5789
5809 5789
5813 5797
5816 5787
5817 1902
5817 5798
5820 186
5824 5807
5826 5825
5827 5803
5829 5806
5830 5803
5831 5827
5832 5794
5834 5796
5837 5800
5838 5821
5838 5832
5840 5818
5841 5799
5842 5835
5846 5818
5848 5845
5850 5808
5853 5811
5855 5802
5856 5792
5858 5786
5858 5788
5860 5805
5861 5803
5862 5854
5863 5850
5863 5855
5864 5838
5865 5840
5866 5865
5867 5813
5867 5844
5868 5842
5868 5843
5869 5815
5870 5814
5871 5785
5872 5785
5872 5800
5877 5822
5878 5804
5878 5843
5878 5859
5879 5793
5880 5837
5880 5853
5882 5838
5883 5829
5883 5834
5884 5805
5884 5811
5886 5787
5886 5827
5886 5870
5887 5786
5887 5795
5887 5841
5890 5860
5890 5875
5891 5876
5892 5843
5893 5794
5893 5876
5893 5881
5895 5825
5895 5842
5896 5812
5897 5792
5897 5802
5897 5836
5898 5801
5900 5828
5900 5851
5901 5858
5903 5862
5903 5877
5904 5790
5904 5885
5905 5845
5906 5821
5907 5902
5908 5794
5908 5889
5908 5899
5909 5788
5909 5878
5910 5812
5910 5898
5911 5845
5912 5798
5912 5866
5912 5874
5913 250
5913 5785
5914 5808
5914 5840
5914 5894
5915 5857
5915 5873
5916 5905
5917 5801
5917 5904
5918 5790
5918 5879
5919 5797
5919 5869
5919 5885
5920 5847
5920 5877
5921 5806
5922 5788
5922 5907
5923 5905
5924 5859
5925 5835
5925 5862
5927 5840
5928 5813
5928 5877
5930 1905
5930 5823
5931 5885
5932 5856
5932 5870
5932 5882
5933 5815
5933 5832
5934 5849
5934 5911
5935 5819
5935 5824
5935 5833
5936 5848
5936 5910
5937 5819
5938 5891
5939 5839
5939 5938
5940 5798
5941 234
5941 5880
5942 5852
5942 5936
5943 5819
5943 5927
5945 3190
5948 951
5949 4640
5951 5950
5952 1992
5953 5949
5954 1468
5955 3139
5956 4858
5958 2032
5958 5946
5959 5945
5964 5948
5964 5961
5966 5960
5969 3122
5969 5955
5970 4670
5970 5966
5971 2032
5971 5955
5972 920
5973 5963
5974 5962
5976 1468
5976 5957
5977 4640
5979 5961
5980 5960
5980 5965
5982 1018
5982 1026
5984 5956
5984 5978
5985 5957
5985 5978
5987 5951
5987 5968
5987 5980
5988 5975
5989 5953
5990 5952
5990 5989
5991 5986
5992 5967
5992 5973
5993 5951
5993 5991
5994 5946
5995 5947
5995 5965
5995 5979
5996 5962
5996 5964
5997 5947
5998 3122
5998 5988
5999 5957
6000 5986
6000 5992
6012 6005
6013 5709
6016 5711
6017 6001
6017 6012
6022 6008
6023 5483
6023 5512
6025 6011
6026 6012
6030 5432
6031 5452
6032 5606
6039 6014
6040 6007
6041 6008
6047 6022
6048 6022
6049 6048
6050 5709
6052 6051
6054 6028
6056 6018
6059 6007
6061 6053
6062 6018
6062 6033
6063 5497
6063 6014
6065 6021
6068 6044
6069 5626
6071 6057
6071 6070
6072 6029
6073 6015
6076 6068
6077 6034
6079 5671
6080 6065
6085 6010
6085 6044
6086 5515
6086 5583
6086 6035
6089 5677
6090 6073
6091 6037
6092 6006
6092 6090
6094 6021
6095 6094
6096 6039
6097 6037
6098 6005
6099 6046
6100 6047
6103 6008
6105 6035
6106 6087
6107 6011
6107 6027
6119 6013
6119 6032
6119 6092
6121 6067
6121 6070
6122 5591
6122 6036
6124 6002
6124 6009
6125 5529
6127 6076
6127 6111
6127 6117
6128 6015
6128 6104
6130 6050
6131 6121
6132 6038
6133 6123
6134 6093
6134 6116
6135 6041
6135 6089
6136 6042
6139 6082
6139 6083
6140 6049
6141 6005
6141 6045
6142 5476
6142 6069
6142 6107
6143 5432
6144 5769
6146 5590
6148 6002
6148 6055
6149 6036
6150 6037
6150 6108
6150 6137
6151 6019
6152 6044
6152 6123
6153 6075
6153 6091
6153 6104
6154 5452
6154 5565
6154 5637
6155 6023
6155 6024
6156 6064
6156 6130
6158 6035
6158 6038
6158 6143
6162 5680
6163 6025
6165 6047
6166 6051
6166 6139
6168 6019
6170 6083
6171 6096
6171 6137
6172 6046
6172 6144
6175 6103
6175 6134
6176 6016
6177 6084
6177 6159
6178 6026
6178 6074
6179 6020
6179 6075
6180 6030
6180 6066
6180 6106
6181 6052
6182 6043
6182 6168
6183 5761
6183 5769
6185 5772
6185 6160
6186 6081
6186 6156
6187 6021
6188 6025
6189 6067
6190 6072
6190 6120
6190 6157
6192 6068
6192 6101
6193 6009
6194 6138
6195 6056
6195 6099
6195 6174
6196 6003
6196 6184
6197 6172
6198 6177
6198 6178
6199 6177
6200 6057
6201 6007
6201 6118
6201 6120
6202 6040
6202 6112
6202 6173
6203 6038
6203 6145
6204 6009
6205 6064
6205 6069
6206 6070
6206 6193
6207 6046
6207 6094
6208 5497
6208 5565
6210 5510
6210 6023
6211 6099
6212 6129
6213 6096
6214 6028
6214 6072
6214 6102
6215 6073
6215 6113
6216 6163
6217 6142
6218 6216
6219 6157
6220 6004
6220 6045
6220 6109
6221 6020
6221 6192
6222 6200
6223 6068
6224 5779
6224 6147
6225 6061
6225 6087
6225 6188
6226 6094
6226 6209
6227 6107
6227 6114
6228 6118
6229 6027
6229 6077
6229 6078
6230 6018
6230 6031
6231 6082
6232 6052
6232 6141
6232 6168
6233 6074
6233 6164
6233 6184
6235 6102
6235 6189
6236 6054
6236 6088
6237 6120
6237 6138
6238 5497
6238 6147
6238 6161
6239 6200
6239 6234
6240 6051
6240 6213
6241 6109
6241 6191
6242 6140
6242 6173
6243 6003
6243 6042
6245 5592
6245 6125
6247 6045
6247 6126
6248 6085
6249 6060
6251 6250
6262 3866
6266 6264
6269 6255
6274 273
6276 6260
6277 6264
6278 6275
6280 6250
6280 6252
6281 6263
6283 6278
6284 6268
6284 6272
6287 6273
6288 6259
6289 6272
6290 6257
6293 6269
6294 6291
6296 6281
6298 6282
6299 6256
6299 6281
6300 6265
6300 6268
6301 6260
6302 6254
6303 6285
6303 6298
6305 6275
6305 6290
6306 6287
6307 6302
6308 6274
6309 6253
6309 6259
6310 284
6310 6273
6311 6304
6312 6255
6313 6271
6313 6292
6315 6271
6315 6278
6315 6301
6317 6262
6317 6268
6318 6258
6319 6307
6320 6255
6320 6267
6320 6295
6321 6313
6322 6287
6324 6263
6324 6316
6325 6269
6326 6311
6328 6252
6329 6319
6330 6326
6332 6297
6332 6314
6333 6258
6333 6301
6334 6270
6335 6264
6335 6303
6337 6264
6338 6276
6339 6252
6339 6329
6341 6279
6341 6314
6342 6332
6342 6334
6343 3956
6343 6325
6344 3996
6344 6288
6345 6339
6346 6304
6347 6328
6347 6337
6348 6260
6348 6274
6349 6323
6350 286
6350 6308
6351 6261
6351 6286
6351 6306
6351 6349
6352 6265
6352 6340
6352 6346
6353 6257
6353 6299
6354 6266
6354 6295
6355 6261
6355 6318
6356 6279
6356 6324
6356 6347
6357 6257
6357 6327
6358 6251
6358 6294
6358 6326
6358 6336
6359 3682
6360 3698
6370 6363
6377 6366
6380 3696
6381 6363
6382 6365
6385 6376
6385 6378
6388 6362
6389 6386
6390 6364
6391 6387
6393 6381
6394 6384
6395 6375
6398 6392
6399 6374
6399 6387
6401 6367
6403 6397
6404 6396
6405 6386
6405 6396
6406 6368
6406 6388
6406 6401
6407 3698
6407 6382
6409 6383
6409 6404
6410 6383
6411 6363
6412 6391
6415 6383
6416 6390
6418 6380
6421 6384
6422 6402
6422 6418
6423 6413
6423 6416
6424 6379
6425 6359
6426 6390
6427 6420
6428 6370
6429 6417
6430 6365
6430 6369
6430 6427
6431 6367
6432 6386
6432 6419
6433 6364
6433 6376
6433 6428
6434 6366
6435 6409
6436 6407
6436 6408
6437 6399
6437 6403
6438 6394
6438 6419
6439 6374
6439 6419
6440 6369
6440 6372
6441 6361
6442 6400
6442 6424
6443 6372
6443 6429
6444 6368
6444 6428
6445 6398
6445 6400
6445 6434
6446 6361
6446 6379
6447 6383
6448 6379
6448 6407
6449 6388
6449 6418
6451 6393
6451 6421
6452 6375
6452 6389
6453 6368
6454 6373
6454 6417
6455 6361
6455 6425
6456 6439
6457 6434
6458 6377
6459 6371
6461 6460
6463 6459
6467 6464
6468 6461
6470 6466
6471 6468
6472 6414
6472 6463
6473 6469
6474 6463
6475 2604
6476 6467
6477 6465
6477 6466
6478 2604
6479 6470
6480 6464
6481 6462
6481 6464
6481 6478
6483 6460
6484 6465
6484 6474
6485 6461
6486 6460
6486 6482
6487 6473
6488 6469
6489 6470
6489 6480
6490 6488
6491 6477
6491 6485
6492 6414
6492 6447
6492 6487
6503 6493
6504 6496
6508 6502
6511 6499
6511 6500
6512 6509
6514 6513
6515 6511
6519 6514
6521 6494
6522 6498
6524 6510
6524 6518
6525 716
6525 6498
6526 6493
6526 6501
6526 6505
6527 6496
6527 6506
6529 6497
6530 6509
6532 6501
6533 6511
6533 6521
6534 6517
6535 6515
6538 6520
6538 6536
6540 6505
6542 6495
6544 6502
6544 6528
6545 6508
6546 6545
6547 6529
6547 6530
6548 6516
6549 6531
6549 6537
6550 6500
6551 6522
6552 6539
6552 6550
6553 6517
6554 6522
6554 6529
6554 6539
6555 6513
6555 6533
6556 6519
6556 6541
6557 6501
6557 6504
6557 6523
6558 6533
6558 6537
6559 6540
6559 6542
6560 6530
6561 6496
6562 600
6562 6553
6563 6546
6563 6548
6564 6541
6565 6531
6566 6507
6566 6520
6567 6507
6567 6516
6567 6535
6568 6543
6568 6564
6569 6516
6572 6493
6573 6506
6573 6519
6574 6506
6575 6510
6575 6528
6588 6582
6589 6586
6606 6604
6608 6588
6611 6606
6612 5349
6613 6585
6617 6596
6618 6592
6621 6612
6623 6610
6625 6578
6625 6594
6627 6593
6628 6598
6630 6629
6631 5230
6632 5215
6633 6601
6636 6607
6637 6610
6637 6633
6639 6589
6639 6592
6641 6590
6642 6633
6643 6603
6643 6641
6644 6610
6645 6596
6646 6640
6646 6641
6649 6611
6650 6587
6651 6577
6652 6608
6653 6644
6654 6583
6654 6613
6654 6628
6657 6644
6659 5198
6659 6619
6661 6589
6661 6658
6662 6652
6664 6585
6665 6578
6666 6605
6666 6665
6667 6660
6668 6579
6670 6587
6671 6601
6671 6668
6672 6600
6673 6651
6675 6599
6675 6614
6676 6594
6676 6619
6677 6634
6677 6663
6678 6658
6680 6622
6680 6671
6682 6635
6682 6663
6683 6667
6684 6584
6684 6660
6685 6593
6687 6626
6688 6681
6689 6581
6690 6597
6690 6674
6691 6576
6692 6617
6693 6645
6694 6624
6697 6582
6698 6599
6698 6615
6699 6684
6700 6650
6701 6661
6702 6631
6703 6697
6704 6609
6704 6685
6705 6591
6705 6607
6706 6604
6707 6693
6709 6685
6710 6586
6710 6656
6711 6597
6713 6614
6713 6690
6714 6584
6714 6586
6717 6713
6718 6624
6718 6659
6718 6669
6719 6666
6719 6696
6720 6616
6720 6695
6721 6720
6722 6655
6723 6638
6723 6681
6723 6689
6724 6632
6725 6613
6726 6590
6727 6630
6728 6684
6728 6722
6729 6622
6730 6591
6730 6715
6731 6590
6731 6688
6732 6687
6732 6702
6733 6682
6734 6580
6734 6629
6734 6643
6735 6640
6735 6670
6736 6687
6737 6672
6738 6608
6739 6662
6739 6696
6740 6652
6740 6704
6741 6577
6742 6581
6742 6673
6744 6598
6744 6711
6745 6646
6746 6607
6747 6600
6747 6662
6747 6667
6748 6621
6748 6712
6749 5351
6749 6625
6751 6618
6751 6705
6752 6595
6752 6672
6753 6647
6753 6680
6753 6700
6754 6686
6754 6689
6755 6603
6755 6648
6755 6707
6756 6615
6757 6725
6758 6576
6758 6609
6759 6585
6759 6611
6760 6616
6760 6706
6761 6620
6761 6650
6762 6657
6763 6664
6763 6672
6773 6766
6779 6777
6787 6774
6788 6769
6788 6776
6789 6786
6792 6773
6795 6783
6799 6790
6801 6771
6801 6796
6805 6768
6805 6777
6806 6784
6807 6780
6807 6804
6808 6793
6809 6780
6809 6808
6815 6810
6816 6790
6817 6813
6818 6803
6819 6813
6820 6769
6821 6803
6821 6810
6823 6769
6823 6789
6824 6782
6824 6811
6826 6811
6827 6787
6828 6782
6828 6800
6834 6771
6835 6765
6835 6774
6836 6792
6836 6831
6837 6809
6839 6781
6840 6767
6840 6797
6841 6768
6841 6770
6842 6840
6843 6795
6844 6796
6844 6831
6845 6831
6847 6721
6847 6802
6848 6834
6851 6830
6852 6770
6854 6819
6854 6838
6854 6849
6855 6800
6855 6836
6856 6791
6856 6802
6857 6835
6858 6772
6858 6787
6858 6807
6862 6793
6863 6861
6864 6784
6864 6798
6865 6785
6865 6805
6866 6810
6867 6783
6867 6825
6868 6817
6868 6833
6870 6771
6870 6863
6870 6866
6872 6801
6873 6832
6874 6799
6874 6871
6875 6775
6875 6784
6876 6853
6876 6860
6877 6802
6879 6794
6880 6806
6880 6871
6881 6798
6883 6679
6883 6847
6883 6851
6884 6781
6884 6814
6884 6853
6885 6767
6885 6790
6886 6852
6887 6849
6887 6873
6888 6820
6888 6850
6889 6857
6890 6818
6892 6812
6892 6833
6892 6859
6894 6791
6894 6797
6894 6838
6895 6764
6895 6890
6896 6826
6897 6765
6897 6891
6898 6773
6898 6869
6899 6771
6900 6777
6901 6823
6901 6895
6902 6766
6902 6882
6903 6803
6903 6891
6904 6778
6904 6817
6904 6825
6905 6879
6906 6816
6906 6829
6907 6834
6907 6843
6907 6905
6908 6816
6908 6839
6908 6893
6909 6776
6909 6777
6910 6832
6911 6818
6911 6878
6912 6896
6914 3918
6918 6916
6922 6916
6926 6914
6932 3924
6936 6915
6937 36
6938 131
6940 6925
6942 3602
6943 6939
6944 6919
6947 3490
6948 6919
6950 6931
6950 6945
6951 3427
6952 6924
6952 6938
6953 6929
6957 3873
6957 3906
6957 6925
6957 6932
6964 6931
6965 6945
6965 6951
6966 3474
6966 6921
6967 6952
6967 6955
6968 6959
6969 6940
6972 6915
6977 6930
6978 3924
6979 6945
6982 6954
6982 6961
6983 6958
6985 3581
6985 6921
6985 6973
6987 3611
6989 119
6990 6928
6991 6970
6992 6952
6993 6977
6993 6980
6994 6974
6995 3533
6996 6949
6997 6929
6998 51
6998 6917
6999 6988
7000 6977
7003 6943
7005 6915
7006 6935
7006 6958
7007 3555
7007 6951
7008 7004
7010 6976
7012 6913
7012 6968
7015 6935
7016 6980
7017 6922
7017 7002
7018 6939
7019 6952
7019 7001
7020 6920
7020 6983
7020 6996
7021 6968
7022 6994
7023 6960
7023 7021
7024 6971
7024 6982
7024 7001
7025 3533
7025 3611
7026 6920
7026 7023
7027 6941
7027 7009
7028 7023
7030 6929
7032 6937
7033 6928
7033 6995
7035 90
7035 144
7036 6999
7039 6954
7039 7014
7040 6934
7040 6936
7041 7014
7042 6986
7043 6971
7043 7008
7044 6929
7045 7037
7046 5
7046 6941
7047 6979
7047 6999
7047 7010
7048 119
7048 6918
7049 6913
7049 7018
7050 6933
7050 6970
7051 6963
7051 7022
7051 7045
7052 6939
7053 6948
7053 6984
7054 6973
7054 7033
7055 6923
7055 7015
7055 7037
7056 6948
7057 6930
7062 6963
7063 6956
7063 6959
7063 7054
7064 7022
7065 6934
7065 7016
7066 6943
7066 7044
7067 7000
7068 6940
7068 7004
7069 48
7069 7017
7070 3605
7071 3515
7071 6987
7072 6923
7072 6962
7073 6959
7074 7019
7075 7039
7076 7039
7077 7002
7078 7056
7079 6914
7079 6986
7079 7060
7080 7029
7080 7067
7081 6981
7081 7029
7082 6986
7082 6990
7083 6928
7084 6930
7084 7077
7085 6923
7085 6984
7086 6922
7086 7013
7088 6991
7088 7064
7089 6928
7094 4785
7096 1773
7097 7092
7098 7091
7100 7092
7102 7090
7104 1794
7105 7094
7106 7099
7107 7092
7107 7106
7108 7098
7109 7091
7110 7101
7110 7108
7111 7104
7114 1742
7114 7097
7115 7093
7115 7103
7115 7112
7116 7109
7118 7113
7119 7095
7119 7099
7120 7105
7120 7109
7123 7112
7123 7122
7124 7123
7125 1387
7127 7095
7128 7090
7128 7111
7130 7123
7131 7128
7139 3652
7140 84
7143 7132
7144 7137
7147 7146
7150 7041
7152 7135
7152 7147
7153 7143
7154 3648
7155 7145
7155 7148
7155 7151
7156 7149
7158 1408
7158 7133
7161 7149
7163 7144
7164 7141
7165 84
7167 299
7167 7162
7169 1384
7169 7133
7172 43
7172 7147
7173 7161
7175 3921
7175 7170
7176 7145
7178 7144
7179 7174
7181 7172
7182 3631
7182 3652
7184 79
7184 143
7184 7136
7185 7140
7186 7174
7187 7148
7187 7173
7188 7136
7188 7171
7189 7177
7190 7159
7190 7163
7191 7138
7191 7164
7192 7150
7193 7160
7193 7161
7194 7135
7197 33
7197 7192
7198 7153
7199 3619
7199 3620
7199 7178
7201 7171
7202 7189
7203 7165
7203 7183
7204 7157
7204 7194
7205 7179
7205 7198
7207 0
7207 7197
7208 7194
7208 7196
7209 7134
7210 3924
7211 7161
7212 7205
7213 7177
7214 7151
7214 7169
7215 7176
7216 7164
7217 7206
7217 7213
7218 7134
7218 7156
7218 7216
7219 7198
7219 7200
7220 7162
7220 7168
7220 7189
7221 7180
7221 7210
7222 7171
7223 7208
7224 5423
7224 7217
7226 7215
7226 7225
7227 7213
7228 7158
7229 7212
7230 7153
7230 7176
7231 7142
7232 7231
7233 7132
7233 7208
7234 1401
7234 1421
7234 7232
7235 305
7236 7186
7237 7154
7237 7157
7237 7159
7238 7141
7238 7227
7249 7245
7250 7241
7250 7243
7257 5983
7257 7253
7260 3058
7261 3126
7261 7255
7266 7261
7267 7260
7268 7245
7269 3085
7269 3126
7270 3085
7273 7267
7274 7242
7276 7240
7276 7244
7276 7254
7279 3194
7281 7243
7283 7256
7285 3103
7286 7251
7286 7264
7287 7239
7288 7279
7289 7282
7290 3103
7290 7284
7291 3749
7292 7250
7293 7246
7294 7268
7295 7256
7296 7280
7297 7295
7299 7245
7300 7278
7300 7298
7301 7242
7301 7287
7302 3307
7302 7251
7303 7271
7304 7248
7305 7249
7305 7277
7306 7241
7306 7282
7307 3194
7309 7262
7309 7302
7310 7308
7311 7298
7312 7306
7313 5994
7315 7303
7316 7259
7317 7270
7319 4468
7320 7263
7321 7266
7321 7293
7321 7294
7323 7271
7323 7285
7324 3058
7324 7257
7325 7249
7325 7283
7326 7294
7327 7281
7327 7318
7328 7247
7328 7314
7329 7271
7330 7255
7331 3749
7334 7258
7334 7305
7334 7311
7335 7248
7335 7319
7336 7254
7336 7301
7337 7288
7338 7265
7338 7272
7338 7320
7338 7333
7339 7275
7340 7280
7340 7337
7341 7259
7341 7280
7341 7314
7343 7244
7343 7342
7344 4498
7344 7265
7344 7342
7345 4446
7345 7304
7346 5978
7346 5981
7346 7308
7347 7310
7347 7316
7348 7269
7348 7322
7349 3103
7349 7260
7349 7322
7350 7285
7351 7241
7351 7252
7352 7274
7352 7300
7352 7332
7353 7245
7353 7340
7354 7313
7355 7289
7355 7332
7356 7239
7356 7304
7357 7292
7358 7239
7358 7339
7362 7361
7369 7361
7373 67
7374 7359
7380 7366
7380 7377
7382 7360
7387 7359
7387 7385
7390 3421
7392 7384
7392 7391
7393 12
7393 118
7394 7370
7394 7390
7396 7365
7397 7385
7398 7391
7399 7395
7400 7371
7401 7372
7402 7389
7403 7372
7403 7380
7404 7402
7405 7379
7407 7367
7407 7402
7409 7387
7409 7395
7410 3471
7411 7384
7411 7389
7411 7400
7412 12
7413 7381
7414 7405
7415 7360
7415 7368
7416 7362
7418 7368
7418 7378
7419 7378
7420 7397
7421 7388
7423 7365
7423 7375
7424 7364
7424 7379
7424 7388
7425 7367
7425 7385
7425 7406
7426 7361
7426 7396
7426 7414
7427 7376
7427 7408
7427 7419
7429 7377
7429 7422
7431 7364
7431 7366
7432 7389
7432 7413
7433 7383
7433 7386
7433 7392
7434 3554
7434 7382
7434 7383
7435 7375
7435 7428
7436 7382
7436 7421
7453 7447
7459 7454
7462 94
7464 7456
7468 7441
7470 7463
7471 7447
7472 7438
7472 7465
7473 7437
7476 7437
7481 7449
7481 7471
7487 7451
7488 7485
7490 7485
7491 7460
7491 7477
7492 7451
7493 7469
7496 7480
7497 118
7498 7457
7500 7476
7501 7492
7502 7499
7503 7445
7506 7440
7507 7483
7508 7448
7511 7506
7512 7474
7512 7496
7513 7443
7513 7446
7513 7448
7514 7473
7515 7448
7515 7498
7516 7465
7517 7461
7517 7488
7518 7455
7518 7486
7519 7453
7519 7470
7521 7445
7522 7464
7522 7499
7522 7504
7522 7521
7523 7437
7524 7455
7524 7477
7526 7484
7527 7506
7527 7507
7528 7440
7529 7449
7530 7484
7531 7441
7531 7494
7532 7501
7533 7469
7533 7482
7534 7462
7534 7467
7536 7451
7537 7443
7537 7505
7538 7450
7538 7493
7539 7466
7539 7489
7540 7489
7540 7505
7541 7465
7541 7526
7542 7452
7542 7511
7544 7461
7544 7512
7545 7503
7546 7508
7549 7459
7549 7495
7549 7531
7550 7483
7550 7484
7551 7546
7552 7487
7553 7470
7555 7463
7556 7458
7556 7473
7557 7463
7557 7490
7558 7473
7558 7525
7559 7468
7560 7520
7560 7530
7561 7501
7562 7460
7562 7560
7563 7509
7564 7417
7564 7454
7565 7456
7565 7524
7566 7446
7566 7493
7567 7393
7567 7533
7568 7452
7568 7467
7569 7548
7570 7458
7570 7502
7570 7554
7571 7450
7571 7475
7572 7399
7573 7442
7573 7495
7573 7569
7575 7429
7575 7543
7576 7469
7576 7572
7576 7574
7577 7516
7577 7552
7578 7438
7578 7517
7579 7510
7579 7571
7580 7467
7581 7441
7581 7519
7582 7532
7583 7478
7583 7574
7584 7455
7585 7439
7585 7466
7585 7472
7586 7518
7587 7574
7588 7507
7589 7457
7595 1934
7600 4694
7602 7598
7603 4694
7607 1917
7608 7602
7610 7598
7612 1917
7619 7592
7621 4619
7626 7593
7629 1928
7632 1932
7635 7611
7635 7629
7636 1969
7637 7615
7638 7621
7639 7600
7642 1966
7644 7613
7644 7617
7645 7599
7646 7606
7647 5940
7647 7616
7649 7624
7650 7646
7651 7624
7654 7633
7656 4652
7656 7596
7658 4652
7658 7594
7659 7627
7660 7607
7662 7643
7665 7619
7665 7623
7666 7645
7667 7663
7668 7628
7669 7614
7671 7593
7672 7626
7673 7659
7674 7599
7674 7620
7675 7591
7675 7640
7676 7644
7676 7648
7677 7662
7680 7630
7682 7591
7682 7633
7682 7659
7685 7628
7685 7676
7687 7652
7688 7597
7688 7674
7689 7624
7689 7625
7689 7672
7690 7612
7690 7652
7691 7621
7691 7667
7692 7671
7693 7643
7694 7634
7695 7601
7695 7617
7695 7622
7696 7634
7697 7687
7698 7633
7698 7681
7699 7607
7701 7649
7702 7693
7702 7700
7703 7694
7703 7697
7705 7693
7706 7623
7706 7628
7708 7670
7708 7694
7710 1984
7710 7705
7711 7692
7712 7605
7712 7711
7715 7665
7715 7679
7717 7614
7719 7609
7719 7660
7720 7621
7721 7687
7722 7664
7723 7681
7723 7701
7724 7715
7724 7717
7725 7683
7726 7651
7727 7641
7727 7718
7727 7724
7729 7656
7730 7603
7731 4694
7732 7662
7732 7704
7733 1933
7733 7618
7734 1024
7734 7635
7734 7637
7735 7657
7735 7673
7735 7718
7736 7598
7736 7603
7736 7707
7737 7625
7737 7646
7738 7611
7738 7642
7739 7666
7739 7703
7740 7595
7740 7738
7741 7596
7742 7648
7743 7597
7744 7652
7745 7709
7746 2003
7748 7643
7748 7651
7749 7638
7749 7653
7750 1909
7750 7705
7751 7663
7752 7661
7753 7623
7753 7728
7754 7615
7754 7681
7755 7713
7758 7602
7758 7752
7758 7757
7759 7660
7759 7686
7760 7604
7760 7681
7760 7743
7761 7709
7761 7741
7762 7610
7762 7678
7762 7720
7763 7594
7763 7653
7763 7680
7764 7658
7765 7707
7765 7713
7766 7630
7766 7699
7768 7631
7768 7663
7769 5809
7769 7725
7770 7731
7770 7747
7771 7666
7771 7716
7772 7765
7781 4292
7782 7776
7787 2131
7791 4224
7791 4269
7794 7775
7801 1609
7803 7783
7806 7799
7810 7793
7812 7800
7813 7776
7814 5829
7817 7777
7817 7808
7820 7817
7821 7795
7822 2131
7823 7807
7824 7798
7825 7817
7826 7777
7829 7778
7830 7810
7831 7778
7833 7827
7836 7802
7837 2131
7837 2211
7838 7808
7839 4220
7839 7821
7841 7812
7841 7830
7842 5820
7842 7783
7845 7840
7846 7774
7849 7832
7850 7789
7853 7784
7854 7822
7856 7790
7856 7851
7857 7793
7859 7857
7861 7828
7862 7787
7865 7810
7865 7847
7866 5921
7866 5944
7868 7780
7868 7785
7869 7808
7869 7840
7869 7848
7870 7804
7871 7788
7876 7818
7877 1442
7878 7801
7879 7860
7880 7779
7880 7850
7881 7796
7883 7846
7883 7866
7884 7844
7887 7782
7887 7871
7888 7794
7889 7851
7890 7790
7890 7888
7891 7824
7892 7794
7893 7818
7894 7823
7894 7860
7895 7811
7897 7856
7898 7816
7899 7806
7900 7899
7901 4220
7902 7832
7902 7852
7902 7867
7903 7850
7904 7836
7905 7835
7905 7848
7906 7781
7907 7900
7908 7863
7908 7897
7909 7881
7909 7886
7910 7814
7911 7828
7912 7879
7913 7831
7914 7794
7914 7891
7915 7827
7915 7849
7916 4220
7916 7911
7917 7779
7917 7905
7918 7904
7919 7803
7920 7906
7921 7834
7922 231
7924 7773
7924 7876
7926 7823
7927 7854
7928 7789
7929 7815
7929 7898
7930 7812
7930 7843
7931 7847
7932 7788
7933 7809
7933 7844
7933 7925
7934 7825
7934 7829
7936 7797
7937 7874
7938 7797
7938 7828
7939 7883
7941 7796
7941 7937
7942 7811
7942 7834
7942 7864
7942 7923
7943 7877
7943 7897
7944 1609
7944 7873
7945 7885
7946 218
7948 7898
7948 7944
7949 7875
7950 7784
7950 7879
7951 7849
7952 7848
7953 7858
7953 7939
7954 7807
7954 7855
7954 7874
7955 7926
7956 1442
7956 7836
7957 7936
7957 7955
7958 7804
7958 7896
7958 7915
7959 7843
7960 7867
7960 7873
7962 7814
7963 7913
7964 7788
7964 7910
7965 7882
7965 7921
7967 7833
7967 7912
7968 7870
7969 245
7969 7925
7969 7946
7970 7804
7970 7872
7971 7949
7971 7959
7972 7792
7972 7826
7974 7785
7975 7875
7976 7945
7977 7926
7978 7968
7978 7973
7979 7834
7980 7877
7980 7882
7980 7974
7981 7824
7982 7793
7982 7805
7983 7773
7983 7854
7984 7805
7984 7809
7984 7919
7986 7798
7986 7818
7986 7922
7987 7819
7987 7895
7988 635
7988 2211
7988 4735
8002 7991
8007 7996
8008 1963
8010 7998
8015 7990
8017 7999
8018 8001
8019 8018
8020 8009
8023 7994
8023 8011
8026 7989
8029 8028
8031 1953
8031 8013
8032 8015
8033 8013
8034 8028
8035 8022
8038 8035
8040 8000
8040 8032
8041 7997
8041 8006
8043 8008
8044 7992
8044 7994
8045 2030
8046 8026
8049 7989
8049 8030
8051 8009
8052 8004
8055 8012
8055 8024
8056 8004
8058 8024
8058 8051
8058 8057
8059 1926
8059 8033
8060 8015
8062 8042
8063 8003
8063 8036
8064 8018
8064 8039
8067 8023
8068 8056
8068 8067
8073 8066
8074 8021
8075 8039
8076 8013
8076 8062
8077 8025
8078 8068
8080 8022
8080 8046
8081 8029
8082 8065
8083 8081
8084 8069
8085 8078
8087 8084
8088 8010
8088 8021
8089 8042
8089 8055
8090 8020
8090 8061
8091 8049
8092 8034
8093 8012
8094 8037
8094 8055
8095 8043
8095 8093
8096 8020
8097 8032
8098 8009
8098 8092
8099 8054
8099 8071
8100 8002
8100 8007
8101 8049
8102 8025
8102 8053
8103 7998
8103 8097
8104 7991
8104 8075
8105 8016
8105 8048
8105 8053
8106 8036
8107 8025
8107 8099
8108 8036
8108 8060
8108 8082
8109 8001
8109 8077
8110 8050
8111 8047
8111 8057
8112 7995
8112 8014
8112 8047
8113 8069
8113 8110
8115 8114
8116 8094
8117 8001
8118 7997
8118 7999
8120 8021
8121 8048
8121 8083
8121 8085
8122 8113
8123 8005
8123 8027
8124 7990
8126 8019
8126 8027
8127 8057
8128 8119
8129 2033
8129 7994
8130 1479
8130 8079
8131 8054
8131 8128
8132 8028
8132 8080
8139 4429
8139 4439
8143 8138
8145 8144
8151 8143
8155 8142
8157 8141
8158 8135
8160 8142
8160 8150
8161 8154
8161 8157
8162 1211
8163 8141
8163 8152
8164 8159
8165 8148
8168 8145
8169 8162
8170 8134
8173 8159
8173 8166
8175 8171
8177 8136
8177 8137
8178 8156
8178 8167
8179 8172
8180 8172
8182 8138
8184 8147
8184 8149
8185 8139
8186 8144
8187 8176
8187 8184
8188 8175
8189 8147
8189 8172
8191 8159
8192 8172
8193 8146
8194 4602
8195 8157
8195 8158
8195 8160
8197 8173
8198 8183
8199 8174
8200 8166
8201 8194
8202 8184
8203 8190
8203 8193
8204 8154
8204 8164
8205 8145
8205 8150
8206 8135
8206 8183
8207 8134
8207 8178
8207 8185
8208 8137
8208 8138
8209 8186
8210 8198
8211 8133
8211 8205
8212 8190
8213 8142
8214 8140
8214 8152
8215 8181
8215 8214
8216 8137
8216 8146
8225 7655
8226 8218
8234 6212
8235 7714
8237 8217
8237 8222
8238 8225
8239 8221
8240 8219
8241 5849
8243 7655
8244 8227
8244 8231
8245 8240
8246 8235
8247 8236
8250 8226
8252 8231
8252 8251
8254 7622
8254 8232
8255 8233
8257 7664
8257 8243
8258 222
8259 8230
8259 8258
8260 8242
8261 6239
8261 8224
8262 8224
8264 8226
8264 8247
8265 8234
8267 8222
8268 8253
8269 8229
8269 8244
8270 216
8271 8230
8272 8239
8273 8256
8276 8274
8277 8233
8279 8251
8279 8268
8281 8228
8281 8263
8282 8256
8282 8263
8283 8218
8283 8246
8285 8274
8286 8220
8286 8237
8286 8265
8287 8221
8287 8274
8288 8238
8288 8272
8289 8252
8289 8280
8290 8286
8291 8219
8291 8270
8292 8278
8293 8236
8293 8253
8294 8266
8294 8277
8295 8227
8296 8295
8297 8228
8298 8233
8298 8254
8299 8217
8299 8253
8300 8267
8300 8285
8301 5441
8301 8258
8303 8264
8303 8278
8304 8255
8304 8257
8305 8236
8305 8260
8305 8275
8306 8292
8307 8262
8307 8263
8308 7601
8309 8223
8309 8248
8309 8272
8316 785
8321 8312
8323 8315
8323 8317
8324 8310
8325 2552
8326 8313
8328 740
8328 8310
8330 8322
8332 8325
8333 8327
8335 8311
8337 2552
8338 8317
8339 2894
8344 2880
8345 8320
8345 8327
8346 8337
8348 8329
8348 8334
8351 8321
8351 8349
8352 8343
8352 8349
8353 8338
8354 8330
8354 8339
8356 8322
8356 8336
8356 8342
8357 8318
8358 8350
8359 8320
8359 8340
8360 2558
8360 8353
8361 8313
8361 8315
8361 8351
8362 737
8362 8358
8363 8342
8364 8311
8364 8312
8365 8363
8366 8348
8367 8311
8367 8318
8368 8320
8368 8332
8369 8319
8369 8350
8369 8367
8370 8358
8371 8359
8371 8365
8371 8366
8372 8366
8373 8338
8374 8324
8374 8357
8375 8358
8376 8346
8377 8341
8377 8353
8378 8333
8378 8335
8387 2573
8388 8386
8391 8379
8394 8380
8396 8382
8398 8386
8400 8383
8400 8396
8401 8392
8402 8387
8402 8392
8403 8389
8404 8400
8405 8384
8405 8385
8405 8392
8407 2572
8407 8395
8408 8400
8409 8393
8411 8379
8411 8404
8412 8381
8412 8393
8413 8390
8414 8373
8417 8396
8417 8403
8418 4336
8418 4343
8419 4343
8419 8409
8420 4378
8420 8388
8421 8381
8421 8384
8422 4334
8422 8410
8423 8406
8424 8383
8424 8406
8425 8390
8426 8397
8426 8398
8426 8424
8427 8402
8428 8410
8428 8412
8429 8395
8429 8415
8429 8416
8430 8401
8430 8403
8430 8416
8431 8381
8431 8394
8433 2556
8434 8399
8434 8418
8435 8382
8436 8410
8436 8413
8444 8437
8446 889
8451 824
8455 8452
8457 8442
8457 8452
8458 895
8458 8446
8458 8453
8464 8459
8465 8438
8466 8461
8467 8437
8467 8462
8468 445
8469 8439
8469 8449
8475 399
8475 449
8476 8441
8476 8445
8478 352
8479 8457
8480 8477
8481 8460
8483 8447
8483 8474
8484 8453
8485 8467
8486 8466
8488 8459
8489 8443
8490 8474
8491 840
8491 8485
8492 8487
8493 8463
8493 8488
8495 8475
8496 8490
8497 8466
8498 8482
8499 8442
8499 8477
8500 8438
8501 8494
8502 8447
8502 8472
8503 8444
8503 8494
8504 8468
8505 8496
8507 8502
8508 8481
8509 8460
8510 8465
8511 8438
8512 8474
8513 8449
8514 8440
8515 8455
8517 8468
8517 8496
8518 8489
8519 8441
8519 8482
8520 8440
8520 8456
8521 8473
8521 8500
8522 8480
8522 8507
8522 8508
8523 8464
8524 8454
8525 8487
8526 8486
8527 8478
8527 8501
8528 8451
8529 8439
8529 8465
8530 8470
8530 8473
8530 8506
8531 8509
8532 8489
8533 8515
8533 8521
8534 8471
8534 8514
8535 8454
8535 8520
8536 8521
8536 8525
8537 8442
8538 8498
8538 8506
8539 8492
8539 8532
8540 8482
8541 8484
8542 8448
8542 8456
8543 8513
8544 8471
8544 8481
8545 8464
8545 8469
8545 8516
8547 8526
8548 8461
8549 8497
8549 8523
8549 8546
8550 336
8551 8505
8552 8450
8552 8478
8552 8550
8554 1846
8558 1889
8562 8560
8563 1835
8563 1873
8564 8553
8564 8560
8565 830
8567 347
8568 832
8569 2294
8571 8561
8573 791
8573 8565
8576 8572
8577 795
8581 8566
8581 8572
8586 8583
8588 2326
8589 8585
8590 8576
8591 8577
8591 8590
8593 1893
8593 8562
8594 8589
8595 8588
8596 8567
8597 8565
8599 8594
8600 8558
8600 8595
8601 8573
8602 8557
8602 8599
8603 8563
8604 8602
8606 8556
8606 8578
8607 8583
8608 8556
8608 8572
8608 8575
8610 8587
8611 8598
8612 8564
8612 8587
8613 8558
8613 8584
8614 8592
8615 8571
8615 8586
8616 8574
8616 8597
8617 336
8617 8609
8619 8575
8619 8579
8619 8605
8620 8599
8622 2404
8622 8566
8624 830
8624 855
8625 8557
8625 8592
8626 8591
8626 8611
8627 8574
8627 8582
8628 8559
8629 1889
8630 791
8631 1830
8631 8593
8632 8601
8633 474
8633 8618
8634 2369
8634 8621
8635 8580
8635 8615
8635 8619
8636 8555
8636 8620
8636 8628
8637 8579
8637 8610
8638 796
8638 799
8638 8570
8638 8614
8651 8646
8656 4120
8657 8647
8657 8650
8662 1149
8667 8650
8668 8663
8669 4522
8669 8639
8672 8670
8673 8648
8673 8655
8676 8662
8678 8651
8679 8647
8680 8672
8681 8658
8682 4173
8683 8656
8684 8196
8689 8686
8690 8671
8692 8677
8695 8643
8696 8652
8697 8695
8698 8691
8702 8667
8703 8668
8707 8641
8708 8706
8709 8661
8710 8675
8711 8686
8712 8654
8712 8705
8714 8692
8715 8696
8716 8669
8717 8690
8722 8660
8722 8697
8724 8687
8725 8702
8728 8196
8729 8671
8729 8707
8730 8678
8731 8674
8732 4158
8733 8700
8734 8709
8735 8690
8735 8706
8737 8677
8737 8679
8737 8701
8738 8708
8739 8655
8739 8670
8740 8677
8741 8639
8742 8645
8744 4609
8744 8716
8746 8700
8747 8727
8748 8712
8748 8732
8749 8641
8749 8643
8750 8696
8750 8716
8751 8729
8752 8664
8753 8643
8753 8739
8754 4096
8754 4120
8754 8653
8755 8644
8756 8662
8757 8713
8758 8696
8759 8693
8759 8726
8760 3230
8760 3234
8760 3248
8761 8648
8761 8667
8762 8646
8763 8748
8764 8688
8764 8738
8766 8644
8766 8747
8767 8699
8769 8146
8769 8684
8770 8727
8772 8644
8772 8713
8773 8693
8773 8733
8773 8767
8774 8731
8774 8772
8775 8640
8775 8651
8776 8762
8777 8655
8777 8724
8778 4029
8778 8762
8779 8719
8780 8663
8780 8689
8781 8766
8782 8691
8782 8718
8783 8782
8784 8720
8785 8710
8785 8718
8785 8771
8786 8639
8786 8681
8787 8686
8787 8756
8788 8665
8788 8706
8789 8768
8789 8784
8790 8771
8790 8787
8791 4522
8791 4528
8792 8779
8793 8174
8793 8663
8794 8793
8795 8645
8796 8658
8796 8714
8796 8784
8797 8795
8798 8734
8799 8687
8799 8781
8800 8723
8800 8727
8800 8765
8801 8168
8801 8794
8803 4117
8803 8694
8803 8743
8804 8720
8805 8693
8808 4120
8808 8775
8809 8779
8810 8764
8810 8807
8810 8809
8811 8700
8811 8728
8811 8758
8811 8797
8812 8704
8812 8765
8813 8661
8813 8745
8813 8749
8818 8816
8819 4450
8820 8806
8822 8752
8823 3279
8823 3352
8828 8666
8829 8826
8830 8821
8831 8816
8832 8830
8835 8806
8838 3287
8838 8825
8840 8666
8841 8814
8844 8736
8846 8835
8848 8843
8851 8819
8852 8849
8853 8817
8856 8843
8857 8848
8858 8826
8859 8642
8859 8823
8860 4007
8860 8835
8861 8153
8861 8844
8862 8836
8862 8854
8863 8829
8863 8833
8863 8837
8864 8857
8865 1120
8866 8842
8866 8858
8867 8815
8868 8845
8869 8736
8869 8828
8869 8858
8870 8814
8871 8841
8872 8824
8872 8825
8873 8806
8874 8649
8875 8642
8875 8820
8876 8817
8877 8666
8877 8839
8877 8867
8878 8664
8879 8822
8880 8200
8880 8831
8880 8876
8881 8165
8881 8834
8881 8853
8882 8826
8883 8868
8884 8842
8884 8845
8886 8856
8886 8874
8887 8850
8887 8870
8888 8176
8888 8861
8889 8815
8889 8874
8890 8736
8891 8659
8891 8721
8892 8816
8892 8856
8893 8834
8893 8847
8894 8685
8894 8821
8895 8832
8895 8855
8895 8870
8896 8837
8896 8854
8897 8824
8897 8836
8897 8873
8898 8849
8898 8897
8899 8659
8899 8821
8900 8752
8901 8664
8901 8685
8902 8899
8903 8846
8903 8885
8904 8815
8904 8841
8905 8827
8905 8854
8908 1203
8908 1223
8912 1365
8913 1683
8913 8906
8913 8907
8921 8909
8922 8909
8923 8919
8925 8915
8926 8918
8927 8906
8927 8912
8929 8907
8930 8910
8930 8919
8931 8930
8932 3221
8933 8922
8933 8931
8934 1691
8935 8915
8937 8923
8938 8917
8938 8924
8940 8920
8941 8918
8941 8936
8943 8917
8944 1630
8945 8929
8945 8942
8947 8936
8948 8939
8948 8940
8949 8921
8949 8944
8950 8916
8950 8946
8951 1236
8951 8928
8952 1068
8952 1203
8952 8916
8953 8948
8954 8928
8954 8934
8955 1617
8955 8924
8955 8939
8956 1236
8956 8946
8957 8935
8957 8942
8958 8936
8959 8914
8960 8914
8961 8911
8961 8920
8962 8925
8962 8961
8963 1617
8963 8932
8964 8910
8965 8926
8965 8940
8966 8926
8967 8919
8968 1154
8968 8943
8969 8914
8970 8911
8970 8967
8970 8969
8971 8918
8971 8946
8977 8976
8978 8975
8979 8973
8981 8979
8982 8972
8983 8980
8987 8981
8988 8972
8990 8987
8991 7130
8992 8984
8994 8993
8995 8973
8999 8979
9000 8989
9006 8994
9010 8989
9010 9007
9012 4934
9014 8986
9014 8997
9015 8989
9016 8981
9016 8982
9017 9001
9018 8986
9018 9005
9019 9003
9021 8974
9022 9002
9022 9008
9023 8998
9024 8992
9024 9009
9025 8997
9026 8996
9026 9006
9027 8985
9027 8998
9028 9008
9028 9023
9029 8987
9030 9016
9031 8990
9031 8991
9032 9001
9032 9025
9033 4942
9034 8983
9034 8992
9035 8996
9035 9007
9036 8972
9037 8974
9037 8977
9037 8993
9038 8985
9038 9003
9038 9012
9039 8978
9039 9008
9040 6830
9040 8998
9041 9009
9041 9021
9042 9033
9043 9027
9044 8993
9045 8980
9045 9020
9046 8976
9046 8990
9047 8978
9047 8988
9048 7122
9049 8997
9049 9036
9050 9044
9051 4785
9051 9034
9053 4272
9055 9054
9061 9059
9061 9060
9069 9062
9069 9066
9070 9056
9071 9065
9072 9059
9073 9055
9075 5386
9076 7821
9077 9053
9078 9068
9080 9074
9081 4227
9082 2275
9082 9074
9084 9063
9084 9068
9085 9055
9086 9067
9086 9072
9087 9059
9087 9066
9088 9052
9089 648
9089 9080
9090 5399
9090 9053
9091 9064
9093 2197
9093 9054
9094 2275
9094 9078
9095 9058
9095 9092
9096 9062
9098 9062
9099 9073
9099 9075
9100 7941
9100 9096
9101 9070
9101 9091
9102 9060
9103 9064
9103 9079
9104 9076
9105 9083
9105 9084
9106 9056
9106 9072
9107 9094
9108 2219
9109 2197
9109 9052
9110 9079
9110 9094
9111 653
9111 9067
9112 9058
9112 9065
9113 9093
9114 9057
9114 9113
9115 9066
9115 9108
9116 9063
9116 9095
9116 9114
9117 9092
9118 9074
9119 1799
9123 9120
9125 1728
9127 9122
9128 7121
9130 9125
9131 6882
9132 9119
9132 9121
9133 9128
9134 9126
9135 9124
9135 9129
9136 9131
9137 9126
9137 9132
9138 9120
9138 9127
9139 7127
9139 9129
9140 9123
9141 7113
9141 9129
9141 9140
9142 9133
9142 9136
9143 9123
9143 9125
9144 9135
9144 9142
9145 1792
9145 1809
9147 2190
9157 9154
9159 9148
9163 9153
9164 2172
9165 8066
9169 9167
9173 2172
9173 9172
9175 9148
9179 2190
9180 7781
9180 9171
9182 9173
9184 9152
9187 9179
9187 9183
9188 9176
9189 9172
9190 9154
9191 7878
9192 7878
9192 9162
9193 9151
9195 9178
9196 4210
9198 9154
9200 9194
9201 9168
9201 9197
9202 9167
9202 9195
9203 9166
9203 9185
9205 9196
9206 9188
9207 9165
9208 9158
9209 9176
9210 9155
9210 9166
9210 9177
9211 9168
9212 9167
9213 9146
9215 9160
9216 9165
9216 9181
9218 9205
9220 9173
9221 9219
9223 7799
9223 9171
9224 9160
9225 9146
9225 9162
9226 9199
9227 9158
9227 9194
9228 9214
9229 9215
9230 9149
9230 9157
9231 2280
9232 9153
9232 9186
9233 9177
9233 9212
9234 9204
9234 9231
9236 9148
9236 9221
9237 9235
9238 9216
9238 9234
9239 9222
9240 9149
9240 9209
9241 9229
9241 9237
9242 9196
9242 9199
9243 9161
9243 9198
9244 9152
9244 9198
9245 9226
9246 9197
9247 9155
9248 9170
9249 9174
9249 9236
9250 1479
9250 9193
9252 9161
9252 9174
9253 9216
9254 9186
9254 9190
9255 9206
9256 9151
9258 9207
9259 9158
9259 9246
9260 9160
9261 9183
9261 9199
9262 9176
9263 9222
9263 9233
9263 9257
9264 9181
9265 8131
9265 9217
9266 9224
9268 9150
9268 9224
9269 9173
9269 9190
9270 9260
9272 9151
9272 9207
9273 9147
9274 9200
9274 9204
9275 9274
9281 9278
9284 9281
9284 9282
9288 9281
9290 9280
9290 9284
9291 9279
9291 9289
9292 9279
9293 9278
9294 8120
9294 9283
9296 9277
9298 9168
9298 9288
9299 9291
9300 7590
9301 9294
9303 9301
9305 8122
9305 9303
9306 9292
9307 9291
9307 9295
9308 8006
9308 9286
9309 9290
9309 9294
9310 9297
9310 9300
9311 9278
9311 9310
9318 9316
9319 9314
9320 9317
9321 9317
9322 9313
9323 7945
9323 9320
9326 9295
9326 9315
9327 9319
9329 7835
9333 9321
9336 7966
9337 9317
9337 9336
9338 9320
9339 9324
9340 9314
9341 9322
9341 9326
9342 9315
9342 9340
9344 9318
9344 9332
9344 9343
9345 9299
9346 9329
9347 9332
9347 9334
9348 9307
9349 9329
9350 9313
9352 9318
9353 9344
9354 7819
9355 9312
9356 1586
9361 9287
9362 9358
9365 7880
9366 9365
9367 9355
9368 9354
9370 9349
9370 9353
9371 9356
9372 1460
9372 9353
9374 1460
9375 9156
9375 9361
9377 9364
9377 9366
9378 9191
9378 9354
9378 9369
9379 9319
9379 9360
9380 9357
9380 9360
9382 9362
9383 9371
9384 1460
9385 9184
9385 9228
9387 9297
9387 9367
9388 9363
9389 9357
9389 9359
9390 9312
9390 9375
9390 9376
9391 9374
9393 9382
9393 9391
9394 9363
9394 9380
9395 9357
9395 9381
9396 9359
9396 9376
9397 9385
9397 9396
9398 9170
9398 9356
9398 9397
9399 9383
9402 9401
9406 8101
9406 9402
9407 8070
9409 9406
9411 5900
9412 7993
9412 7995
9413 7858
9414 9405
9416 5881
9417 9415
9419 9409
9422 8070
9423 5888
9423 9411
9423 9413
9425 5881
9431 9421
9432 9404
9432 9420
9434 9424
9435 9429
9436 9432
9438 9425
9440 9333
9440 9436
9441 9401
9442 8017
9443 9415
9443 9421
9444 8006
9445 9419
9445 9422
9446 9348
9447 5926
9447 9416
9449 9410
9450 9425
9450 9439
9453 9407
9454 9426
9455 9435
9456 9400
9457 9435
9458 9405
9459 9403
9460 9401
9460 9418
9461 9459
9463 9438
9464 9453
9466 9433
9466 9437
9466 9440
9467 9418
9468 9438
9469 5810
9470 9465
9471 9322
9472 9324
9472 9335
9472 9421
9473 9424
9473 9442
9473 9455
9474 9464
9475 5915
9475 9428
9475 9439
9476 9403
9476 9417
9477 9408
9478 9400
9478 9468
9479 9448
9479 9470
9479 9477
9480 9457
9481 9435
9481 9461
9482 9431
9482 9458
9483 9406
9485 9408
9485 9430
9487 9417
9488 9451
9488 9485
9489 9434
9489 9451
9490 9348
9491 9449
9491 9474
9492 9454
9492 9465
9492 9469
9493 9437
9493 9471
9494 9414
9494 9456
9494 9462
9495 9420
